1.059670927096414417e-01
1.387500001324030729e-01
7.348614963736016525e-02
5.835081449800050279e-03
-4.107770170524321918e-02
1.121258195652680145e-02
2.545065889388625213e-01
-6.100169638418345697e-02
-2.381845406314860303e-01
-3.574969175716771197e-01
-2.175300101769876426e-01
2.598316861764526919e-02
3.301278043103395010e-02
2.678387720432762187e-02
3.314138799309614414e-01
-4.278155343607303873e-02
8.636596760196602052e-02
-3.524947863406413529e-02
-2.430611464004436839e-01
-2.736808365398615828e-01
5.537244175284794512e-02
9.386224882075128173e-02
4.456184849060884079e-01
-7.403293419076717452e-02
1.989633400448092559e-01
1.544165299555583237e-02
1.325974878974331972e-01
-1.897519775266461317e-01
-1.977190168544369908e-01
1.730101512382903328e-02
-2.161204706614153204e-01
-2.128841198118610056e-01
-2.391150341972191340e-01
3.019143258434497934e-03
-7.609164501920451240e-02
-1.307800327075074320e-01
-5.596813249475962593e-02
-6.324075299826065200e-02
6.159960539639330879e-02
-4.111524948353428854e-02
2.533044781609689045e-01
5.260009883237681816e-02
3.306206405147132932e-02
2.888393829386519673e-01
5.615507985684348169e-02
-1.612825864755222938e-01
-9.966063476495234941e-02
1.226210512687809784e-01
-7.231626854739930943e-02
-3.780578858263455855e-01
1.503550410924310854e-01
-3.131961676344216516e-01
1.598409629959596234e-02
-1.717847405398926219e-01
2.771326434173926323e-02
3.853046676323973463e-02
1.814876967918508943e-01
-1.177873400127695813e-01
1.707747071375640413e-01
2.475621059590401019e-01
1.211196119560031814e-01
3.355985079250998204e-01
-1.260132516857059848e-02
1.697170221316812722e-02
-3.006123320113018305e-01
-2.318841885369369860e-01
-2.157130631478820781e-03
-2.279936965743672994e-01
-2.775881627283280917e-01
2.536666016063527374e-01
-9.960536451924545398e-02
4.498778285594743354e-01
-2.234790794406197323e-01
5.397597043073654177e-02
2.287081103929021753e-01
-6.411356834847020680e-02
-1.064094717168533322e-01
1.518880145278633798e-02
-8.890070663550592167e-02
-4.370868417370232795e-02
-1.338413703107957931e-01
1.757671329625710710e-01
-2.395640686562161559e-01
-1.194969657996631240e-01
-1.851540746851978447e-01
-8.327801149819696880e-02
1.100523179607232338e-02
2.717133155767915698e-01
3.587468407683108707e-02
3.009955036257144778e-01
1.243713839148782307e-01
2.443677908002106491e-01
-1.307052516872607151e-01
-1.466933560516651691e-01
-1.089755515143269182e-01
-3.445799709101082242e-01
5.677755151426100433e-02
-2.815476859475468663e-02
5.954325476408894868e-03
1.212652901161274666e-01
-2.469393383567168865e-01
2.556808937932084635e-01
2.921879640174931403e-01
-3.447046496562545803e-01
1.897766093807394805e-01
-1.672643563609176320e-01
-1.153888474643776085e-01
1.470903468136769421e-02
1.008127546323981383e-01
-3.473780766704947509e-01
-3.095563375468535772e-01
1.476225205985415845e-01
-1.798830529001933520e-01
-2.124549679182087814e-01
1.667554081051565440e-01
-1.411693152358408643e-01
-5.791494298716709510e-02
7.073629968481071062e-02
1.563318081658260916e-01
2.549426761641681582e-01
-4.308901921497398368e-01
5.772821654503879074e-05
6.085284940865420822e-02
-2.585587824008059310e-01
1.000006837766185819e-01
-2.558508589408777234e-01
1.606011981088518725e-01
1.698150633007286525e-01
1.878065834169218573e-01
-1.155735920136077288e-01
-4.104441829203070435e-01
-2.683297151941196335e-01
-3.700289676036521147e-01
3.654002387366966920e-01
1.665446053207615962e-01
1.939388624053097754e-01
-5.071488797805906446e-02
4.414009606611293823e-01
-2.174334999334743279e-01
1.813014454491849170e-01
-2.026668606663487027e-01
-2.247988434067639818e-01
-1.316087948209872516e-01
1.450788821159488817e-01
-1.339805748339372160e-01
2.468413990475071262e-02
4.208517477574452714e-01
-2.782759130343989140e-01
2.804874544952373761e-02
-2.117721595085947373e-01
-4.386540702093255639e-02
-2.129304030142817883e-01
-1.528084988405481459e-01
1.288713336018607047e-01
2.431846461931744807e-01
-3.392076845518772754e-01
-2.860661621187470249e-01
-2.473777094348115768e-01
-1.888903974142065456e-01
-4.703347289707404677e-02
1.463736479097773047e-01
-5.975496262516871715e-02
2.477560915194720326e-01
1.193791801548224618e-01
-2.668690359761798914e-01
4.406029374664230946e-01
2.695471151365406159e-01
-1.594984167914229034e-01
-2.922307689474004100e-01
-1.949315626826832459e-01
-4.355374608976188000e-01
-1.998108397100527567e-01
-1.212676674457247028e-01
-4.271738691804001786e-01
-1.404152639741316766e-01
1.651728521581094511e-01
3.105262980658879401e-02
1.745256517578171462e-01
3.875837826956401999e-02
6.710612402377502672e-02
-3.778125700190060332e-02
2.713368227860020188e-01
1.579340028082298897e-02
9.216422522763861869e-02
6.738109245598755681e-02
-3.928838172582205246e-02
2.523435157206888602e-01
9.353201516727960296e-02
-1.394472835561392787e-01
1.042665056846353577e-01
-2.949243351140733438e-01
-2.747560754442732178e-01
-2.508894272572814166e-01
6.805556576320465068e-02
6.916393331677306300e-02
1.665191584166604843e-01
-2.044560282952283536e-01
9.371775334880316777e-02
1.175212480543936788e-01
7.693230438775333635e-02
