7.224333337829957902e-02
-2.304208662016702380e-01
2.800093261030697778e-01
1.562263801108881855e-02
1.061834713721113710e-01
1.762758840849282249e-01
-1.766194450984602815e-01
-2.199931108289778225e-01
2.985606719869998704e-02
2.015334526127304793e-02
-2.476065821339291095e-01
1.477392887619788375e-02
2.296175484951620827e-01
-3.106394810251078553e-01
5.117041579060457313e-01
-3.302514957812940910e-02
-1.855831654590197610e-01
-3.694668697481745534e-02
1.292667182863296294e-01
-2.623767334191895451e-02
1.656881197843239062e-01
-1.573514896728223089e-02
3.274075545815663957e-01
-6.002432581205119355e-02
-2.276407788853743730e-01
-2.428721729039362009e-01
4.189148797851889872e-01
-1.285510901106609594e-01
5.297556058944091761e-02
7.925115157119771991e-02
-2.577217667374006038e-01
2.360333951732314639e-01
-1.359268175044227034e-01
-1.945497053267391530e-01
-2.941447304513208350e-01
-3.042362457071555726e-01
-5.385528176417891943e-02
1.468720820265001503e-03
-1.693950951945817907e-01
3.845335351066621610e-01
-1.018293746455909421e-01
6.361916892765588916e-01
2.361386556256345193e-02
-3.941616468822767283e-02
-8.138728981997028766e-02
-3.745830360238622259e-02
-1.627695833191114549e-01
-1.877429095987903085e-01
-2.799046517849208549e-01
-4.015456898875158220e-02
-2.338065059976175974e-01
-2.436384266196517379e-02
3.567016448277768315e-01
6.092485111381018559e-02
2.658621757846008071e-02
8.812375638823344293e-02
1.482805814427045066e-01
4.834671977052424907e-01
-3.195360676685407020e-01
1.489714231035040304e-01
-2.471116642402574337e-01
7.961913020857419587e-02
-2.325239650826643745e-02
-2.701061503273835540e-01
-4.679305423123176211e-01
4.101275880847182753e-02
-2.794447103603134308e-01
1.045838962738987465e-02
1.095960659532811410e-01
-2.160398407439629853e-01
2.776203775169944210e-02
-2.193249708644740004e-02
1.734965137176255334e-01
3.380656902042551981e-01
-1.424846003282222440e-01
5.423924601570456749e-02
2.226092465774933138e-01
-1.374236627965160218e-01
1.993759985423092518e-01
8.552263675968679868e-02
-9.185374114921895927e-02
-2.808399890006250121e-01
3.399146031547142788e-01
-4.298999794619148829e-01
1.507424525218943878e-01
1.082803796585399825e-01
-1.249216614693871019e-02
-1.050616674587848687e-01
4.005492563828094710e-03
4.524450438006262232e-01
-1.073549856115803003e-01
1.507483336793313811e-01
1.227026391633789792e-02
-2.522723404022986782e-01
-2.474536003579441701e-01
-1.834329503169593867e-01
5.100529221442701155e-02
-1.474510914512244808e-01
9.618625034561384401e-02
-1.005860509933786395e-01
-1.143252308599963518e-01
-3.482950848045517356e-01
-1.137282409226181290e-01
6.550161970638362918e-02
-1.490761116419618837e-01
6.922470363768012946e-02
-4.563361695169776411e-02
1.808179975189760924e-02
-1.255441420856742152e-01
-2.020311044633289477e-01
2.129871701217439517e-01
-1.220765002021576562e-01
1.776359649752123904e-01
1.175486898474971675e-01
-6.035373174497693505e-02
7.155596497443561521e-02
-8.999245218297646787e-03
9.769227705732019817e-03
-1.508810276218036095e-01
2.301378989125551500e-01
9.695967208435313234e-02
8.294326087873871156e-02
1.783772415571022729e-01
7.117302123691970905e-02
-4.242866745183709876e-02
5.686561313035454202e-02
1.843796757735743364e-01
-1.574343905027142387e-03
-4.481215368507778796e-01
2.904709338760154136e-01
6.747982242966193978e-02
-2.057550809869527209e-01
-1.837703456828482240e-01
-3.134305572761254544e-01
-5.178357294157415192e-02
-9.066268990472869937e-02
2.776925403791730140e-01
1.585216083496850947e-01
9.322017540678317893e-02
2.186789058530455576e-01
1.217582918410986537e-02
7.349225271267145754e-02
8.692753585012480411e-02
1.688149229104942695e-01
-1.151982965902580425e-01
2.295525125125891797e-01
9.961789866516435055e-02
3.201688824690210877e-01
1.152626173079631666e-01
-9.600986543369938175e-02
-5.316819089728053171e-02
2.069884373699081292e-01
1.097611464317360674e-02
-8.009024523087771019e-03
6.545939501181891051e-02
-2.324972485930459909e-02
4.201072116568721482e-02
-6.024857838290209600e-02
7.652786396437349925e-03
-8.753204784527435223e-02
-3.311330574727483489e-02
1.557021893361127951e-01
-2.643426854446873087e-02
-2.283268108695111764e-01
-1.862061511394296764e-01
1.548544217672775392e-01
9.570192759761453338e-02
-2.544603159989675678e-01
-1.697771397201064403e-02
2.279801019754886804e-01
-2.651769377002287098e-01
1.525258965798398925e-01
-2.037311610292680264e-02
-5.545056091961370059e-02
-4.849330097797094341e-02
2.527686581358731255e-01
-6.513246403792982697e-02
4.568343545880585443e-01
4.428806073495450413e-02
1.077913364584232037e-01
-1.607223517767992771e-01
-2.131506382421854973e-02
2.281590704306138417e-01
-1.931763954340836587e-01
-9.051106312410350796e-03
-4.686748451557043449e-02
-8.320813458003706309e-02
-3.203282739907212795e-01
-7.846575365082375519e-02
6.826403830937638473e-02
8.962521565028586101e-02
6.111500776389650058e-02
7.149552961381006044e-02
2.711866346361655467e-01
1.079743970230857553e-01
-7.229387094874800690e-02
4.528273043773358153e-01
-4.566280835209031164e-01
-2.374676436735807528e-01
4.111470256487398389e-01
-2.262926196561182435e-01
-2.114760174870955467e-02
3.188668065873278001e-01
1.131631427612963536e-01
4.657967422782879341e-01
1.218138658656892082e-02
1.642598849776689685e-01
3.321869268351447801e-01
5.663094644266014610e-02
2.134511497336672448e-01
5.906636235467316309e-02
-1.233094288937645056e-01
1.348511733585594508e-02
1.299241270419680405e-01
3.118346037361740541e-01
3.887388970572941416e-02
-1.433925793743541233e-01
6.397451988956015523e-02
1.451194951632389651e-01
2.053165787794836161e-01
-1.622538051813470772e-01
2.418252901628203944e-02
-2.628911171136381064e-01
-1.303402816690323873e-01
-1.599901695265820711e-02
-2.344235882537501481e-01
2.279510307246989664e-01
1.107033075158855295e-01
3.841246205877232867e-01
1.726600510368411778e-01
-9.498723354550392406e-02
1.144204236828194610e-02
1.457357825835251530e-01
-6.187881522724308914e-02
-1.157662744145048772e-01
1.395354610181176458e-01
-2.062712244852499266e-01
-5.022599528397692081e-02
1.603173191172115875e-01
5.436185172724672388e-02
-4.612251532504842433e-01
-1.816324335380274935e-01
-4.085583560800489789e-01
6.772667653842628921e-02
-3.923660537996462305e-01
-2.643342611138954634e-02
5.650528499910223434e-02
-1.436256931858077013e-01
-2.081573478292065849e-01
1.761698113127276311e-01
1.834756087259265533e-01
3.964390910965151504e-01
-8.613282812428185720e-02
-2.488883395027406409e-01
2.191467330200614350e-01
-2.196227698419292440e-01
2.339205034882760881e-01
2.681951487102053888e-01
-3.451778087765893788e-01
-1.486513370046604887e-02
1.215269954108426087e-01
-2.109959594047683407e-01
-1.636365463749789306e-03
1.665593773945345246e-02
6.984239297555433490e-02
-6.077732721197603993e-02
4.027457914905785419e-02
2.189189875876462743e-03
-3.364604039705310079e-02
-8.467791951698333541e-02
-3.459565924731899944e-02
2.354801060371388144e-01
2.400387219826361496e-01
-8.342406425732590280e-02
2.837290587310754564e-01
-3.285374277619290684e-01
2.247697172233386054e-01
-1.456964414964506682e-01
2.211855940167682943e-01
-2.297983358283872679e-01
7.870751320654201244e-02
-1.566923159337785809e-01
-1.480739481138555469e-01
-9.761156772399737225e-02
1.343500309857506014e-01
-5.288593344520858830e-02
1.559515041406977498e-01
-1.452834357970012036e-02
-2.806118948559147563e-01
1.965074964313089922e-01
-2.755028400727242976e-01
-7.650975100976120657e-02
1.607489778848222306e-01
-5.748853832878514369e-02
-8.580298892895948937e-02
-1.966002227079662323e-01
2.047068268310945349e-01
3.203873420724278054e-01
-1.204073835667486270e-01
7.377554283067910834e-02
-1.954718191818926587e-01
-4.869432194625944454e-02
1.146873343562415659e-01
1.709691193402932408e-01
-5.392047562453772258e-02
-3.173636413943975998e-01
-3.139653179809298589e-03
4.983175919248483687e-02
-3.758387829189872575e-01
-1.976758628530105866e-01
1.524249789506384456e-01
1.982235454156665022e-01
-6.942564310305188169e-02
3.395981925491481368e-02
-1.661887685196640208e-01
4.993358914318263286e-02
-1.802017080085772660e-01
-1.624639294661588407e-01
-1.072995584639291344e-02
1.628719528006249972e-01
1.138713780883311433e-01
1.564338965918377067e-02
1.984480815758661865e-01
2.920074303216835254e-02
-5.787265454629523243e-01
3.154562956459396328e-01
-5.197947916148537573e-02
1.742378991782733699e-02
2.788167183842408803e-01
2.289521822581208621e-02
-1.625384420303087607e-01
2.409235859046037764e-01
2.044845012096053183e-01
2.055495735835183302e-02
2.452211724537896598e-01
-2.034180026757689830e-01
3.093576984625069359e-01
2.130631046242797977e-02
-1.353729530279038640e-01
1.137651098136439609e-01
-2.030083301189892220e-01
9.423585410600587853e-02
3.443642540850209710e-01
-8.227067006430299756e-02
1.019475029406046174e-01
-2.491522577951910677e-01
-4.951164916089972889e-02
-2.866830301846884366e-02
-7.413781841318323185e-02
1.456022152238513612e-01
-4.313484177166738709e-01
1.773388285936204900e-01
9.033402274245400099e-02
-9.722806884022133778e-02
4.436257860394900443e-01
1.455714908317697343e-01
-2.287063917757194975e-01
4.254791864313297034e-01
2.124838941898096745e-01
2.837000647220816463e-02
8.377265584018439570e-02
8.034563282427004127e-02
2.872829469743479747e-01
4.156342440689476669e-01
1.937741504269284709e-01
2.159425021541692136e-01
-3.090099618074541588e-01
5.530122992308649232e-01
1.722896573939208809e-01
-1.769309699244872025e-01
1.823810593228407106e-01
1.292972767417464031e-01
-4.637588902626749165e-02
2.728049629611720706e-01
5.346733682054360948e-02
4.585770306607800384e-02
-5.662851044188019767e-01
-2.516922833236599488e-01
1.749074084377210125e-01
-2.341773032371080032e-01
-5.111464838827906032e-03
2.712016087311176493e-01
-9.480832102027597630e-02
-1.808219116402759452e-01
-1.505579015716710378e-01
2.152003651321121591e-01
1.553852872033511523e-01
-7.951542430282410034e-02
-1.774727938257913973e-02
-1.485410874136825488e-01
2.705279031879052609e-01
4.423231494262880314e-02
5.885912874494647617e-02
-2.509362063465302994e-01
1.701440983350288039e-01
2.068443719781933310e-01
2.818718090871789039e-01
-1.345148086240105512e-02
1.432039191351787144e-01
1.169980353293004205e-01
-4.365667289178309929e-03
3.002091385399561774e-01
-2.164781828145408982e-01
1.207649337225341069e-01
-1.647039883956686879e-01
-2.845552229718841253e-01
1.258820666120791243e-01
-1.891777859485860303e-01
3.929619893656586260e-01
1.945034570457383483e-01
1.231193475668022619e-01
-1.092539126574108566e-01
2.211945669358580391e-01
1.759526304956356979e-01
4.059659972870818812e-01
-1.728316443919286627e-02
3.076371277401894755e-01
-1.419323043608477497e-01
-1.554015538788701134e-01
1.789047145409012329e-01
-1.144780565544313844e-01
7.099062251226961884e-02
-5.846294432516385697e-03
4.775198544291514580e-02
-3.354100951863042690e-02
-1.667013561767170526e-01
-5.045373732394978772e-01
-8.171913357741245054e-02
1.331250071694529136e-01
1.079772223304775736e-02
-2.037424506649869183e-01
-1.961179664705153813e-02
-2.544932664663932531e-01
1.774213690334977556e-01
3.189570110684941673e-02
1.225506778628034366e-01
1.804863535212546388e-01
4.987417103505286664e-01
-8.305458958122807767e-02
8.057637539154161033e-02
5.959084340487152964e-02
-3.154157950311475833e-01
-2.006926613492554523e-03
-7.401338551163261226e-03
-1.675285687913415367e-01
-5.930099696198365411e-02
4.165639935009901595e-02
7.223100794795378476e-04
-2.596922778062096260e-01
3.069293463699860891e-01
1.668792771266421338e-01
-1.646418427124281547e-01
-4.037083653236478442e-02
-1.317695446419314687e-02
-4.680336270427754020e-02
2.460338477506385235e-01
2.923553284938036900e-01
-1.671894360404425628e-01
6.864409614740740739e-02
-2.008354929178281512e-01
-2.652273898432163657e-01
-6.503600811348109190e-02
-1.295750918760616988e-01
-9.698321476891152981e-02
1.431733348399093497e-01
-1.339578419718066571e-01
-2.041831519633002801e-01
6.970378550159472830e-02
-4.874592743673522577e-03
1.106600864770637127e-01
2.303793998542308930e-01
-2.397777215024269881e-01
2.238041498019005537e-02
1.020136298734747315e-02
-9.156552857856625760e-02
-1.643630288364825720e-01
3.018853331475989110e-01
5.774890614156613644e-02
-2.791952339567388419e-02
-1.346250147370465222e-01
-2.199123267695307637e-02
9.429608634907493681e-02
-2.156346924371277396e-03
2.330976392936225938e-01
-1.846761757057851505e-01
2.855029540023062418e-01
3.295551405291302638e-02
8.183460230458694529e-02
6.200184376083461846e-01
8.971065998474292424e-02
1.448694889515615425e-01
3.828823273083792333e-02
-2.866550192507696937e-01
-2.603256163030361336e-01
1.937251694172692495e-03
-8.328909201305900734e-02
1.462816485702664315e-01
3.457605562300827828e-01
-2.162396492749957266e-02
-2.591333592899042193e-01
-3.600618960288621273e-01
2.443671859567124183e-01
1.968332270272053486e-01
-1.583448988317065487e-02
-5.145162620091935368e-01
-3.079655870457331801e-02
1.053266214290644598e-01
2.273079598093233344e-01
-5.091931211871231211e-02
-2.340423965250826854e-01
1.025210462165411784e-01
2.808545195667915828e-01
1.004592003589396820e-01
1.426685594010490554e-03
-8.190878532789114264e-02
-5.326020149906574019e-03
-8.156094424298099277e-03
1.450759571181188257e-01
2.408183018705933875e-02
1.989169851763334940e-01
-1.288207091652920910e-02
2.599442740428218879e-01
9.731949637310510770e-02
6.821562572204226127e-02
1.428066527360767890e-01
3.240698435993446536e-01
-1.614122333248848018e-01
2.273029166594680017e-01
-2.979607000665664973e-01
2.115904681229915929e-01
1.316153393503486924e-01
7.949695041669069262e-02
-7.077622596184490744e-02
-8.773544681994283057e-02
9.814021019040847227e-02
-1.352337435456581471e-01
2.722849870600785316e-02
2.229817094171492320e-01
1.068955244204250477e-02
-9.242436539886506042e-02
-1.354344556416795520e-01
-4.061711058293904220e-02
3.113271546949684665e-01
-1.995973166719848813e-01
2.274006585085952548e-02
4.180598252011857863e-02
1.949441227291531242e-01
-1.245695033983651445e-02
2.756016065602314158e-01
4.226335054829921667e-01
2.254444005026521869e-01
1.959493587754368438e-02
6.713807653567821498e-02
7.556338585150368381e-02
5.912297297171026367e-02
-7.311931851946584793e-02
-1.058836502391005130e-01
-4.794037349253044145e-02
-1.276769019663536731e-01
-1.771320681231581817e-01
3.072131481572035749e-01
2.721849305030564214e-01
-4.920811770946453834e-02
1.186470210854391749e-01
3.076261675071384483e-02
2.428929320938179037e-01
-6.076404945752361675e-02
3.373693366272195737e-02
3.612499426772686206e-02
1.049980412635306837e-01
-1.159464973104055718e-01
-4.671323439228275420e-02
9.624685273303051902e-02
-1.450619593830287934e-01
1.582912284655480506e-01
-3.182047164348433821e-02
-5.484515701438974489e-02
-3.903922709967915794e-01
-1.386351255671366411e-01
4.032275472324469701e-01
2.256176377898062579e-01
-5.648482275920907458e-03
-3.411062080059396040e-02
-2.075664716842833268e-01
-5.436041034022204288e-02
-2.623694276356715593e-01
-3.331705816948296039e-01
2.653881580404566232e-01
-4.582174827484071233e-01
4.644785802132878061e-02
9.259374456088736993e-02
2.528419470310460659e-01
1.136497730307696186e-01
-8.274441917415198411e-02
1.992185577754501669e-02
-2.580269588310408202e-01
5.942313380346103679e-02
-2.139249338811959888e-01
-1.479498856287123076e-01
1.549469201752849967e-01
2.377707180215464788e-01
6.225951168093490917e-02
1.428934008926738830e-01
3.301975506555513973e-01
1.151196211270014147e-01
1.108337605952214866e-01
-3.255661740122445247e-02
1.696362714200938537e-02
3.142566390870099591e-02
-7.508245297973809018e-02
5.512181087112211220e-02
-1.080050289078594572e-01
-1.964377618208807963e-01
2.723911782340794896e-01
2.364364332215699860e-01
-2.163960911583190372e-01
-5.427108470497138404e-02
2.224930086477016622e-01
3.915071199722400808e-01
6.985124593014430117e-02
-2.458576783389325171e-01
-1.753660419655657110e-01
2.554845599487925445e-01
-8.297303866235672398e-02
2.385739023296519767e-01
2.038109648233168980e-01
-3.546232173424812562e-02
-1.859227517021344034e-01
2.532917447869233452e-01
-2.506306198120417106e-02
1.087917387701709537e-01
-2.233241110389990181e-01
-1.020943459640679118e-01
-2.693545603547275458e-01
2.395717029667076003e-01
-2.384647729461202847e-01
2.198648766931421417e-02
1.198355125606892502e-01
1.139573802513863532e-01
-1.377142602217941714e-01
1.000705732252714641e-01
5.130117888460307141e-01
-2.933999528827747061e-01
1.142131487375348531e-01
-3.354065096530087775e-01
-2.552152649102537030e-01
1.290307761490916416e-03
-2.268859624896723548e-01
-1.380169607332791260e-01
8.468699745829122438e-02
3.757115546955136498e-02
4.530573679544836474e-01
1.551310996629894912e-01
-1.327219033739182041e-01
1.084012342044154420e-01
-1.858650028646302577e-02
-1.518315832302930546e-01
9.382856515969878464e-02
-1.326659195890055876e-01
2.405711973789144698e-01
4.979901454173657482e-02
-2.880878775273724712e-01
-5.213850130654251736e-02
-1.663202836268843909e-01
2.479207320535657399e-01
2.011679730631587004e-01
3.882903009544279027e-01
7.074392406794605126e-02
3.583155806113640929e-01
-2.016017010109804608e-01
-1.009377879164074510e-01
5.212914671640006548e-02
2.758572520337232437e-02
1.646468657246341061e-01
-1.084019542278696902e-02
-8.246507834400756964e-02
2.053164734009098602e-01
1.348827593363978727e-01
-1.910685207950754139e-01
1.668937076416436294e-01
2.581129504337272840e-01
-7.067586965220840067e-02
1.705981689696002279e-01
-8.102842859724579405e-02
-2.489144259269001069e-01
-8.962197618461226201e-02
-4.326093676347156913e-01
2.729513212518819287e-02
1.819872738460153183e-01
-1.328322555370934910e-01
3.639746146793795267e-01
9.426660578858325756e-03
1.700839771282682822e-01
-1.757140352606300082e-01
-1.041404437246466474e-01
-1.164218682413889483e-01
6.016402310457102942e-02
9.513708687684074849e-02
4.663319736075978716e-01
3.072091059614097674e-01
-5.099776273058570508e-02
4.728751563866395724e-02
2.340776157356638798e-02
1.964136033909586465e-01
2.134061512508910741e-01
-9.103442274197282025e-02
-8.321116045768800484e-02
5.386249567638135005e-02
-2.696307953395574719e-01
-1.906199098429792738e-01
1.950369486077262460e-01
1.553164613778924563e-01
-1.633024973058431195e-01
-1.110646370830192797e-01
-1.128046256350581089e-01
1.964860482447428058e-03
8.143665551660700386e-02
1.427145948656860508e-01
2.374100818111973821e-01
7.652293575345309184e-02
1.159295618221151680e-01
-3.153901636380812556e-02
-2.755233040615567841e-02
-3.383176736763023329e-01
1.667852627832873136e-01
2.440859119372403296e-01
2.891321089092209196e-01
3.468575094238511292e-01
7.694657527121540053e-02
-8.073373799226285508e-02
9.542577560640363998e-03
9.038981650978616944e-02
-2.445444733559037909e-02
1.185309365692539529e-01
3.038763566112461234e-01
1.343523464485124608e-01
7.428425514515157868e-02
3.160301428972691618e-01
-7.967482635944578284e-02
3.285203590613025026e-01
1.867108807972639450e-01
-1.394173401195702988e-01
-6.039615326449171429e-02
2.015374525800262551e-01
2.187660017135335533e-01
-1.154080196606746544e-01
-1.155626159638105110e-01
-2.920955700875124683e-01
3.057504017058689239e-01
1.172412952245751594e-01
6.899767613486201823e-02
-1.573083705372123609e-01
-2.135419684682204888e-01
8.912650856973808322e-02
-7.595841533703179271e-02
-6.774287486332147834e-02
-4.096714700773218532e-02
-4.244075259877971851e-02
-1.512979585798329696e-02
2.787828126584170341e-01
-1.173832955766505592e-01
1.559298440030567057e-01
4.201893500765404021e-01
-1.249664736722703728e-01
5.521577817910994224e-02
-1.424870295780733542e-01
4.712657819142371252e-01
-3.501653227859380935e-01
1.990848862138827613e-02
1.249471849139764945e-01
1.859241504953554891e-01
-1.120949410601559393e-01
8.652065005618608806e-02
6.883007323871365157e-02
-1.680343134313048714e-01
-2.090681440031177951e-02
1.324785721160459118e-01
1.367732566967636010e-01
9.149404627935509016e-03
-1.001479503639687851e-01
-5.139705160241064830e-02
4.233889479268604927e-01
-3.214741426429525428e-01
3.007545566974829665e-01
3.006924955441774294e-01
3.514012470612776218e-02
-5.352193756990608620e-02
-7.617889619085832509e-02
2.110256476379818724e-01
-5.724502584644235448e-01
2.848133583369024113e-01
4.008540838338758849e-02
-3.082841050490175983e-02
4.432094561131416643e-03
-1.928142236366425788e-02
1.374754610059775173e-02
6.691529809190105427e-02
-2.529825108946604506e-01
1.317302886926060568e-01
-8.330185583661842141e-02
2.457363535059311488e-01
3.196590002167676858e-01
3.789893597225822419e-01
-2.083275865351263967e-02
-2.702075595325906798e-01
1.048759989702988671e-01
-9.409940775433750515e-02
2.242189013077367510e-01
2.441553617745862437e-01
4.681052644397092899e-01
2.185307876604281052e-02
-3.396861298568566445e-01
3.753163999853709742e-01
-1.441417459760658826e-01
3.952204037874007536e-01
1.953839101358212371e-01
-1.948618780885496005e-01
3.149416168367985547e-02
6.914099138189311322e-02
2.128325873441079819e-01
-1.452240132376016457e-01
2.572587751129651323e-02
-1.331114794642621613e-01
2.201923867558617798e-01
5.442327930775325839e-02
-2.577872316431126243e-01
-7.355355909076444210e-02
-1.301045257647785447e-01
-1.460937372214898833e-01
3.231917830267558855e-01
2.389462679080214813e-01
1.699084904798582318e-01
1.489087544923993756e-01
2.169840144569098461e-01
-2.408964567850621075e-01
2.671588939919861683e-01
-3.408436579793822085e-02
-1.300392807918629434e-01
1.445164545600268191e-01
-8.097233012142796005e-02
5.268262202044859954e-02
2.313550798869449254e-01
1.974695422137701106e-02
1.131512024841941910e-01
-9.707030145323480852e-03
-1.995033027554376504e-01
6.057865417769436878e-02
3.279757367078089958e-02
9.610821172223832365e-02
4.994107971046102268e-03
3.344328777657210039e-01
1.078777583494727188e-01
1.717623752559855888e-01
-3.662967825784874121e-02
4.867462783327982656e-01
1.238099853782114179e-01
6.948304944304517505e-02
1.117500933126289175e-01
9.892195643810058892e-02
2.724354727695459943e-01
-1.014835514007865758e-01
1.822964504474749448e-01
2.019435782218075848e-01
-3.855520622063268732e-02
-5.809324483040578802e-02
2.685795794088818300e-01
-1.077510929859087918e-01
-1.211688662417193529e-01
1.256910559409726846e-01
1.735292075099821307e-01
-2.593685642060417074e-03
3.683996503016473412e-02
2.968447245555361769e-01
3.567464333252555186e-01
3.966258121304933604e-01
2.481378252817117991e-01
7.493284442637759835e-02
-1.579427347146853955e-01
-5.668554355016586221e-02
-3.362435697358505116e-01
-2.936105688176398609e-01
2.989655929898055176e-02
5.037373460012234405e-02
4.264187542292394717e-01
2.355500341521991059e-01
-5.484227927546965198e-01
3.882360899351650074e-02
-1.545985327249187469e-01
-1.204666326081934580e-01
1.119950689073708761e-01
2.717943320085290382e-01
1.447327236360052005e-02
2.487303118547868341e-01
8.340835303011162605e-03
2.412032960615280719e-01
1.286898305824821231e-01
-1.647122825958380332e-01
1.517480206242399765e-02
1.813237983132626185e-02
1.715579545489746560e-01
-1.131271042959096085e-01
-1.697440665315694819e-01
-1.017509775692157503e-01
1.278820458289337547e-01
-1.900247031237274342e-01
-1.040306392111850498e-01
-9.468211331228015837e-02
2.408639406487546597e-01
-1.897311873836842744e-01
2.203453333817078086e-01
-1.684986994829878459e-01
1.445098183338589526e-01
3.899074845843053527e-02
9.653206680028442177e-02
-2.934978909387991886e-02
-1.799157271058454133e-01
-4.458821671479229476e-02
-1.226980855263376524e-01
-8.432701624088767556e-03
-1.529923915336537932e-01
8.921306241796722603e-02
1.273745509087504946e-01
2.508667659355118262e-02
-2.423246971001591921e-01
3.028660260747645383e-01
2.510092839991220348e-01
8.908133517635091758e-02
1.689158213359218674e-01
-2.946764886926342975e-01
-1.762756717418187402e-01
-5.259088767849628976e-02
6.050558453271903669e-03
-8.062973589859617762e-02
-3.058805260348480548e-01
2.182472608100084477e-01
3.004062747583551296e-01
-1.060093655588513761e-01
2.253799461215410527e-01
2.131686634760254773e-02
-8.188658894072975425e-02
-4.750747154926282523e-02
2.192341025652977393e-01
2.838282823313729719e-01
2.149172348731679949e-01
1.305577408693332497e-01
-1.669490390442660566e-01
3.734197201486610940e-01
7.661382122950799456e-02
-3.389809157339895851e-02
-7.727387247090378164e-02
-7.372502607505709848e-02
7.013555284524930489e-02
2.318452208769324896e-01
1.437034956164033872e-01
2.177351784265002532e-02
4.371744200920337775e-01
2.463484085475109997e-01
-1.525120986112843413e-01
3.861407638270191178e-01
-8.320341643476847349e-02
-2.287736574207417939e-01
-2.053293093303864003e-01
4.448276770075376696e-02
4.048959038305027791e-02
-1.517154642652241425e-01
-7.830074205529480302e-02
-2.511812281653447720e-01
1.662470887695524646e-01
-2.727390029148772377e-01
1.603501307940793374e-01
6.149648370849525314e-04
-1.175697000889720512e-01
-1.431803906097524060e-01
-2.986320263819868814e-01
1.619796958443603385e-01
-4.992852993115731164e-01
5.510915144724087833e-02
-3.635390083694817198e-02
-1.283021541072225102e-01
1.507150659968653494e-02
7.576234630925504643e-02
-1.790558706929499255e-01
-2.462862095760388614e-01
2.374607784110281949e-01
-5.038705449234492928e-02
-1.218864233717992240e-01
-2.513768483967449008e-02
-2.291830611890979252e-01
-8.333729467702660765e-02
-2.223098583654825600e-02
-4.290548275883410145e-02
-2.308516410937429542e-01
-9.932544587803004976e-02
2.072914210544972713e-01
-2.786810046858948509e-01
2.581203726850491709e-01
-5.166283526998866060e-02
-1.732614897671729270e-01
8.296884602291659805e-02
-8.062041355719140601e-03
-4.571638486750817520e-02
1.140053021595939242e-01
-1.261155011705448192e-01
-1.780628316022940250e-01
-2.173356251707834197e-01
1.612569597787503195e-01
3.456437498502979988e-01
-4.328179920273322878e-02
2.716126577995958691e-02
4.636963740406992995e-01
-1.486722651785064575e-01
-3.331364706025519151e-03
9.724948708179381729e-02
1.153307988967370301e-01
-9.912516764303119787e-02
-2.156404381122061786e-01
-1.806921221405466405e-01
-8.952661879171003312e-02
-1.694628484379199773e-01
9.650162583801291660e-02
9.974975032252519913e-02
-3.964060694205276958e-01
-2.812681193071903119e-01
5.766335198338007340e-02
6.281912386827737116e-03
1.813001650117583297e-01
-2.903965634115404648e-01
1.288110642231221625e-03
4.615939307235472633e-03
-2.079523000847871561e-02
-3.097319033803511701e-01
-1.230659533342342571e-01
-2.104779205657200669e-01
2.021684307512854328e-01
-3.492984318566303981e-01
6.216098327210906049e-02
-1.736169710137689393e-01
3.925192495487106470e-02
2.272119805813233029e-02
-8.506665779512984082e-02
-3.060244726564150808e-01
-8.349452146103469863e-02
2.197004114728995372e-02
4.353878786788545341e-02
-1.312619848276009860e-01
8.834438903661401277e-02
-1.103722020566874629e-01
9.386841559759995235e-02
2.275610355368994919e-01
8.151027408246713790e-02
-2.237749428951996133e-02
1.246362258656588118e-01
-8.191062845257685021e-02
-1.014424980031565782e-01
1.176256529590380961e-01
5.685855860033075526e-01
-1.304545579699080693e-01
1.531631257173088345e-02
2.116304240709592221e-01
1.753824761690660483e-01
7.940619396357706528e-03
4.164678835002332824e-01
5.147218247749948405e-01
-1.623792019169745249e-01
2.280282449836187331e-01
1.027720788306749067e-01
6.041562794113464196e-02
-4.639757046237602545e-02
1.968004121745918211e-01
-3.195260181735937177e-02
-5.001331551929832919e-02
1.675443820818490193e-01
2.488202533974230857e-01
-1.447308728312532988e-01
1.922624366488265291e-01
1.232558192825481402e-01
1.190035142741692753e-01
-1.095427077065974641e-01
-1.160065152998407401e-02
-1.747958223233317399e-01
1.155871070819890489e-01
1.165470694024351994e-01
-2.884627256000856232e-01
2.106920791296654216e-01
1.742024874404224377e-01
2.828778577506829706e-01
-2.049601188409239105e-01
5.881711342547990551e-02
3.554776059587981263e-01
4.927859596268719944e-01
9.341081519236088537e-02
1.106723100736434207e-02
1.385949059962636731e-01
2.015540175977726944e-01
2.284210722637154967e-01
3.304699387493575946e-02
1.931721293576424969e-01
5.545663289560187614e-03
3.265053901957531979e-02
7.278251429954563090e-02
-5.006164625653625189e-02
8.410755122804142170e-02
-2.938649046253647423e-01
-1.448774323894692628e-01
9.329720333822899558e-03
3.883398589255996902e-01
1.888715768440145104e-01
-1.315733548252711049e-01
-6.918292294617983673e-02
-1.634834958309057673e-01
1.219754547085397101e-01
4.021724031909881258e-01
-3.338013435804680906e-01
3.264621566993763935e-02
-1.794744245339174871e-02
1.582362619749023702e-01
-1.065281002266582067e-01
9.108621211470369072e-02
2.855953780525830044e-01
1.896612601070685744e-01
3.294605847038732938e-01
-1.000299905603896367e-02
-2.138157997089368267e-01
1.034222136506260936e-01
1.546516976845702662e-01
-4.816675034440259795e-02
6.067114986880789429e-02
2.145753565530894025e-01
1.352277998047770047e-01
-1.395945646171006804e-01
4.401854496155410690e-02
2.735880271674044906e-01
2.086341609108749995e-01
1.512086067414101787e-01
5.791821091790738674e-02
-1.517195415380636625e-01
1.425534970198011342e-01
-1.527438936848113382e-01
3.938133550925753679e-01
-1.519921306092186786e-03
4.759473079605083812e-01
1.586863537694219173e-01
-8.266448181429691955e-02
1.491994557039324487e-01
1.580400877943383686e-01
5.308592706456255472e-02
-1.806924200618714171e-01
-2.205843770031871154e-01
-4.502476935961019500e-02
1.307032832894636232e-01
-6.080267828004015662e-02
-3.855166827863484857e-01
-3.577421087891385909e-03
1.526836755891997077e-02
3.125300380279082968e-01
1.831524541215990287e-01
4.228473847639510064e-01
3.077795505442119106e-01
3.325760743693607080e-01
9.577877310616284001e-02
-2.429964932020760027e-01
1.555519030835805228e-01
1.962763310363596636e-02
-2.121363870933982709e-01
-1.198963322480262050e-01
8.410989178833039315e-03
-1.402302348429007028e-01
-1.846769190338906630e-01
2.194493242749021022e-01
-3.431175037593436894e-02
1.251424165541805134e-01
2.438694148994783317e-01
-2.110631620469616276e-01
2.957624294071026227e-02
-9.515616291631134871e-02
-7.041607078865097513e-02
3.447552354262161667e-01
1.222294795178980875e-01
4.459881049138009201e-02
8.334025398147243413e-02
-9.555665647428185361e-02
-1.295360906252059907e-01
-2.222296933878014080e-01
-2.500593799870892697e-02
5.421032525165708771e-02
2.719825712134910645e-01
2.627721503353089849e-01
-6.447757409925325423e-02
-9.709146972669385756e-02
-1.664437319713293340e-01
-7.190040025890115372e-02
-1.586172331133352542e-01
1.945953091437878091e-01
-4.339230038901981112e-02
-1.917242004694902358e-02
3.042505880596785284e-01
2.156113474301635247e-01
-9.676470755595262263e-02
-1.434982716042235706e-01
-1.962109833959653216e-01
-2.081858966262817301e-01
-2.712337047767561238e-01
1.083075152927331364e-01
3.734827632297211819e-01
1.918642568469952625e-02
7.473711462162174746e-02
2.025507762098776032e-01
-1.764559016655427581e-01
-1.352195604786876060e-01
7.674179141082426714e-02
1.131216683217095564e-02
-9.682111159496442632e-02
1.123022287809952169e-01
1.705397777097870105e-01
-1.896291666100884954e-01
-2.511773477616771055e-01
-1.545264494907010455e-01
-2.918090868298600649e-02
-4.107801494487462457e-01
7.601856707337772967e-02
-2.231414982058358976e-01
2.882030023401368490e-01
-2.210825296716929511e-01
-5.132110602350120621e-02
4.350968953858164179e-02
2.279211602774888767e-03
-2.010613572756945744e-01
-5.125454624133757298e-01
-2.453827496521270302e-01
9.668271251875570904e-02
1.846854629588845498e-02
-3.858355050634544314e-01
2.403332602765814729e-01
-2.567687618696867791e-01
2.852947054195135723e-01
-5.114374797046128407e-03
-8.258068344727031995e-03
-1.589398119485728733e-01
1.142985822513186145e-01
-1.252766211219240589e-01
4.458998575845574686e-01
1.211628393030222961e-01
3.426985668550421305e-01
1.637440623236378623e-01
5.195402563255319128e-02
-1.486952884745537662e-01
2.104486113431665584e-01
-3.855503258151411483e-01
-2.699407520260699855e-01
3.598980904848893547e-01
-2.000694665018190044e-01
1.820740756392855708e-01
2.190873718249999325e-01
4.274117073666178213e-02
-7.606011806241430584e-03
-7.715459860191331565e-02
2.610681572636203152e-02
-1.382216530310875213e-01
2.487265306757295291e-01
1.369961489552201650e-01
3.421931401016770069e-02
-8.048674865347071883e-02
-1.586778167543440032e-02
1.995456090881984057e-01
4.250994421568510262e-04
9.072177211034371247e-03
2.755090376589114376e-02
6.225151933287020878e-02
1.346706576533493460e-01
-9.130307322149133764e-02
-2.198433573721888523e-01
-2.288402551587218614e-01
4.346766749166020016e-02
1.237825081381455083e-02
-2.542034165529674095e-01
2.680234450446788985e-01
2.783591680641949728e-01
-2.312374385158436629e-01
-1.442753321121226229e-02
-3.115163861431546888e-02
1.436961985279545662e-01
5.978930490926515073e-02
3.796959303935568131e-01
-1.770880187710773823e-01
-1.040029713062989858e-02
3.868814731740966018e-02
-7.379090535438309617e-02
2.431438576627216186e-01
-2.847448948765320398e-01
-2.808972735177006630e-02
-8.024311814172468971e-02
-2.732693226516741403e-02
-5.551924502177257859e-02
1.726453831204889378e-01
2.207954687133891203e-01
-6.842612182758051054e-02
1.751246831059080633e-01
1.431178781470932027e-02
1.101819910346883979e-01
-1.347052193104480988e-02
-3.941140907033730545e-01
2.697327953282354640e-01
-9.353569544570611294e-02
2.181345421360931791e-01
1.775898522103969146e-02
6.545169350506835348e-02
-1.182366592438144348e-03
-3.198057497412393202e-02
1.529867344928562689e-01
-2.522090137247407493e-01
2.397336819668232089e-01
9.237339004922701102e-02
4.806622696057435418e-01
3.129211609223954693e-01
-4.452394721770105424e-01
1.243243968219912565e-01
2.533765707562293801e-01
4.067395324629857756e-02
7.806748116433032125e-02
-8.251450672471988268e-02
3.723590099966457290e-01
-2.584524290428102944e-01
1.219594577384784384e-01
2.168799272809058265e-01
6.112992114887472184e-02
2.717574038298414818e-02
-1.091156183112317879e-01
3.312264783113583189e-02
-1.469825366526407162e-01
-1.958398678819449068e-01
1.224815495310079827e-01
1.615820867157575225e-01
1.223197200508785443e-03
-2.212190054132452399e-01
1.372874225021729067e-01
-4.798114114838203381e-02
-2.393695170467874944e-01
2.313306570818544072e-01
4.474311464267792249e-01
-2.646952621974881237e-01
-5.449147645294011300e-02
-2.763774336405281917e-01
1.042911893512395993e-01
4.350513575651082654e-04
1.892213393456670945e-01
-4.946605954446720022e-02
-2.282065931973487616e-01
-2.635896522957308363e-01
8.581463672176209423e-02
4.925717775756810468e-02
1.406207525877918862e-01
6.616565474577218442e-02
-1.910486060188504309e-02
-2.069980850813923912e-02
3.395485005639947707e-02
2.917567887913866120e-01
3.063906370769133303e-01
-1.366657640600931756e-01
-1.804897015108767877e-01
3.395985521992875844e-01
5.949918108241547543e-02
-4.356549924940078533e-02
-1.029558180879583396e-01
-5.542364940394522987e-02
8.527523234434469801e-02
1.246570589882909363e-01
-1.786805587372669590e-02
9.365034433358515598e-02
-2.588150033679620932e-01
3.121043569272842766e-01
2.556801369930280510e-01
-8.258749293239170397e-02
1.461248683585594232e-01
1.649695903171234379e-01
1.819490035436688302e-03
1.133111463414150366e-01
1.796807214614534742e-01
1.037937305165663182e-01
2.784517204716335237e-01
1.883544007510304930e-01
1.435319000177764925e-01
3.773809572559427838e-02
-1.312392701672178141e-01
-9.991549015675238454e-02
2.234861044831630283e-01
-5.656635669609161310e-02
4.151510028249028039e-02
-1.752190760606777142e-01
2.882510264867371719e-02
1.424589362748415189e-01
8.730734825828484480e-02
5.021016513537729375e-02
4.627904762401988670e-01
-4.827915679927197168e-02
6.035097548789364330e-02
3.350993206117555134e-01
4.241416296957034593e-02
-8.048419743119794578e-02
-3.868520610551645644e-02
1.903876874895312210e-01
2.723966721951334158e-01
1.595962100663933514e-01
-5.094224941278220342e-01
-8.599939006045009826e-02
-9.108253533752819209e-02
5.894958719981630013e-02
1.207971081643565703e-01
-1.652991645681073374e-01
-1.874235115578457567e-01
-6.979960770792181801e-02
-9.424235370037087334e-02
-8.031625989856494563e-02
-9.127776457898933993e-02
1.994002122496201235e-01
-6.039156504314024954e-02
4.425617183862687876e-01
1.320382216131943953e-01
-2.965205920358132685e-02
-1.540273079236476050e-02
-4.715598262838477384e-02
-1.368723150199206984e-01
1.316708957549146408e-01
2.542038512102540171e-02
8.830223040502610532e-02
-1.708274766459220162e-01
1.617230778620266651e-01
2.985701459494422005e-02
-1.797701254402148674e-01
-8.293371579072067457e-02
-1.507421732521486146e-01
-6.375556219011097037e-02
-1.173637367951346766e-01
4.887409147662276077e-01
2.858576240002752011e-01
3.986939233103115598e-01
1.102045196722032938e-01
3.904514431859757995e-01
1.066260762725583788e-01
-1.155495279309748380e-03
-1.149479382726373289e-01
-3.465024188797304339e-01
8.475337253189729747e-02
-7.050094208001916884e-02
-4.453124647101402989e-03
2.442120663003695680e-01
-1.824491840534697151e-01
-1.176259840487375863e-02
2.261750868221767963e-02
-1.714864209762406722e-02
2.013774952198327806e-01
-1.429245288670015768e-01
-1.716981800592548568e-01
-1.559783322150909424e-01
8.191165676681377850e-02
3.835011208578947839e-02
7.016092033486009960e-02
-2.958781377990660211e-02
2.436053805888953039e-01
5.710159750493493114e-02
-2.765518611249667691e-02
-3.399949064023716216e-02
3.663922036721006803e-02
-1.252337500628625255e-01
6.660981666698662096e-02
2.723277787438662667e-01
2.274796626090132556e-01
-3.986093800747270155e-03
1.773242142746194738e-01
1.853208660362087867e-01
6.206086764698820479e-02
-2.608003482109928495e-01
2.087380214790131028e-01
9.936007467865659581e-03
-2.522187925424187460e-01
1.120560189865699163e-02
-3.062192625506998667e-04
3.013835868089336234e-01
2.413479114326719244e-01
2.375758438535191530e-01
4.400892628653386707e-01
-6.925105764032657429e-03
-4.306603470128678168e-03
4.896215182789404041e-02
4.121290277043669903e-01
3.948289380257602454e-02
3.636229736330163775e-01
-4.713648506267670291e-02
-1.750528959237104276e-01
1.490798543548617627e-01
-1.924548405986775124e-01
1.353039300035690506e-01
-4.104887388776234936e-02
-2.619571206001802821e-01
-2.045144613344916373e-01
-1.301875165358952757e-01
9.739866903560884248e-02
-5.232533709217090934e-02
-1.732793415674009907e-01
2.842853926472492243e-01
-6.431878360939380368e-02
-6.521459401649443155e-03
6.333263130599536828e-02
-2.865616123274395965e-01
-1.566546262788937049e-02
-1.243154688467142388e-01
4.045898090159744109e-02
1.891897245274320460e-01
-6.988079925758561295e-03
-1.299315057906268445e-01
-1.096905224339131957e-01
-5.476158205486880703e-02
-2.544438777815625219e-01
-3.068400325475028056e-01
-1.294986721473592728e-01
4.159696827542858077e-03
4.007528012806460538e-03
1.404806590295452629e-01
-1.170410163480855581e-01
-1.595797962645952306e-01
-2.720833233626168135e-01
-8.075855779255347588e-03
-3.219932421179760862e-02
2.532506217060009890e-02
1.523218021364758368e-02
-6.415762603111541118e-02
-2.001236776405037054e-01
-4.855732377212101936e-02
-4.616108497384824316e-02
-6.616048856664225042e-03
8.020613903840634329e-02
1.508142489375446926e-02
5.529209888403729956e-01
2.250232597212626362e-01
1.965361807926280235e-04
1.378958792609735196e-01
-3.657635239494136381e-01
4.285201514899034114e-02
3.505074050453167445e-01
3.821298128298206143e-02
1.235284923208146424e-01
-2.093451799408849179e-01
1.286925256823759911e-01
-1.137298188620288197e-01
-3.647685426518001983e-01
-1.121061565868929910e-01
1.722870547684707820e-01
-1.432993704245026922e-01
4.974532587821800522e-02
7.776836235227818639e-02
2.074902901467219341e-01
-7.632633035136709987e-02
4.809903450050584395e-02
2.510240313600415329e-01
2.937241649509866881e-01
3.235576240256445857e-01
1.768935011849831485e-02
-1.337063697971835885e-01
5.953625808396062480e-02
-1.961979623579596654e-01
-9.478846682375635657e-02
4.674718817648780833e-01
-1.587386774917493026e-02
4.008187943693442001e-02
9.920334494346966236e-02
-1.680216709125053609e-01
1.422592578349802794e-01
6.514622052817276021e-04
-1.502044204530796900e-01
-3.446048565191789370e-02
-1.381592238632471381e-01
1.265898201812731827e-02
-3.962082335966250479e-01
-2.703523851476046236e-01
1.394144251307031790e-01
-1.996949542073400696e-01
1.773894146334371036e-01
1.222004502117729485e-02
-2.487458863916086060e-01
2.632318532872502947e-01
-3.618074734959225713e-02
6.332198517265513749e-02
-1.261897807755011369e-01
1.154681599390950386e-01
3.291860018827895695e-01
-2.801950630804793119e-01
-1.301449468734250381e-01
2.285477701159301933e-01
4.104805160041330447e-02
-5.093572277358523470e-01
2.546882397931216069e-03
5.103417488570549665e-01
2.288105631108414140e-01
-7.332067864063268603e-02
2.793387643988428648e-01
2.459860761528993578e-01
-9.885849446962952092e-02
-3.119432063113819487e-02
-3.408881736562918707e-02
-1.372756369992655379e-01
-2.489744976824097011e-01
2.500050233706195280e-01
-8.084568631011096462e-02
1.699395054239428715e-01
1.555463962789631061e-01
-1.360649663393398434e-02
-1.088333742120335956e-01
2.531185609934713532e-01
3.143964659989889610e-02
3.219281324879225137e-02
-2.888374176511230851e-01
-5.648975728500149618e-02
-5.717059023146764396e-02
-1.908632225775835911e-02
2.032987979248895849e-02
-2.308767307935402080e-01
8.426626740946574490e-03
-5.640556362908011323e-02
1.685030909564656509e-01
1.908564159657371584e-01
-2.517665113941974786e-01
-5.947781042401278917e-02
2.162248853689149319e-01
4.349279590860203326e-01
1.281262154960614574e-01
1.868904469766749510e-01
-2.600935161575075316e-01
-6.626140999434559919e-02
-2.558289101226091100e-02
-9.205533400655790954e-02
-3.463860587221908593e-01
-8.913752078563041970e-03
-3.042213842310914629e-01
1.610834976079116299e-01
1.681069063265286934e-01
-2.648332659612970819e-01
9.205603613275425978e-02
6.952877366046134044e-02
3.306053686513463763e-01
8.404232366977404389e-03
-1.251035452520584124e-01
1.102172635442260074e-01
1.379656623291314332e-01
-2.342653314736398151e-02
-6.675035598933193315e-02
3.095636785132442892e-01
1.575884615937012123e-01
1.178777265126365603e-01
-1.083718083392957166e-01
-1.032798273971462510e-01
-2.598297637835806362e-01
-2.899474482503525685e-01
7.367525715576300760e-02
-3.734106198874814764e-01
-2.636348557164012174e-01
1.707940555538761118e-01
-1.165048269327393915e-01
-2.450592118801483976e-01
-9.855392429742293459e-02
-1.422157610956592544e-02
1.613338422871751776e-01
-2.316289795256328277e-01
-2.183555722109867259e-01
-2.370692910547274046e-01
-7.071857284886290396e-02
7.873672189166180946e-02
3.309810701738549743e-01
2.210611364623896735e-01
-1.088917523906065554e-01
-2.128516940903959487e-01
1.334267702016473378e-01
3.361533575868607682e-01
1.259209085950435680e-02
-2.027175933753866399e-02
3.278243730461809502e-01
9.088567772789868382e-02
1.076761066971665404e-01
-6.350856633193213696e-02
1.330891525094876626e-01
1.517705615594833191e-02
-9.768293882388640048e-02
1.816114726176400462e-01
2.601728469776909414e-03
5.470320017477559027e-02
-2.319893337754397322e-03
-4.469528951972074338e-01
1.853963008777717580e-01
3.298098587780552426e-01
2.758285303398275157e-01
9.283487926792016731e-02
-1.870193375153630932e-01
-4.704194514430743990e-01
2.968310937271497196e-01
9.167229116672731548e-02
-1.038143862936399264e-01
1.183891728842706992e-01
-1.115446570043507890e-01
-1.810705578924264869e-01
3.430385140155955970e-02
-2.281060355153899932e-01
-2.721090696178672386e-01
-7.230947132434861757e-02
-6.124349536650586234e-03
2.530132390781886786e-01
1.544053992123416985e-01
2.170881460194094559e-01
7.266443838171227076e-02
-8.667769638610217653e-02
-2.149795510951456046e-01
-2.528085057952875747e-01
1.396555791396360546e-01
-3.629653174267875038e-01
1.788476060439957438e-01
4.726891624340811560e-01
-7.130495938739234152e-02
1.132971812737590955e-01
4.127392207931090407e-01
7.804104986240512076e-03
-1.622177724852518210e-01
-6.320118966698928809e-03
-1.354309165258707481e-01
3.287305203664159237e-04
2.716407007109045146e-02
5.186416844646007940e-02
-8.018780807346687078e-02
-2.757101401027650112e-01
1.347919338575964687e-01
1.473422616584134648e-01
2.461902236746044137e-01
2.627643541473573263e-02
7.005261620573977055e-02
-1.392756007347145664e-01
-2.144035612115696154e-01
-2.875244318503870633e-01
-2.603224357432633584e-01
2.262192668040799437e-01
-6.800106666930316734e-03
-2.499905699300492001e-02
1.381799420016583957e-01
3.670569579985389908e-01
2.580003118636667314e-01
3.478979666193521281e-02
-2.181822027957781018e-01
-1.287385395645933572e-01
8.307989538494192638e-02
-2.666175242079982799e-01
1.572416297415142328e-01
1.773445846546304883e-01
6.217085523902721178e-02
1.220648106785875986e-01
2.378544036193321332e-01
3.645249533483441162e-02
1.250952950587477241e-01
-7.767784871897809307e-02
1.120250554962036738e-01
9.536167226117486795e-02
1.758790669996457279e-02
3.042990674505974269e-01
-2.411127721590415329e-01
-1.797015981337846124e-02
-2.588495605603097216e-01
8.118750562912435687e-02
-1.218599716711192826e-01
1.235139098905768673e-02
-3.602016046700074470e-01
-1.207074300019224111e-01
-3.925165607514280453e-02
1.018620741347840419e-01
-1.737139250709049398e-01
2.351411625527605187e-02
1.762416855549638339e-01
7.498187889586166444e-02
-6.328832825256158756e-02
8.459122251386280711e-02
-2.211587341198221757e-01
7.004687294295131039e-02
1.039735482384585019e-01
-8.161564568145213139e-02
5.254813137952063506e-03
2.778146001712417101e-02
-1.364331823234360419e-02
-4.048586150573951770e-02
4.253624656751181510e-02
1.641145339513536139e-01
3.434396163431490123e-01
1.200854067014965887e-01
2.097070366253835916e-01
2.382042509395848606e-02
3.953917492086039820e-01
1.257439556281095272e-01
4.865689516922122593e-03
-3.914627205843368429e-02
6.918750494664038797e-02
-2.054362625169889323e-01
-9.755281995348924484e-02
-9.710933110531561052e-03
-1.961570507010579334e-02
2.339396874570132123e-01
-7.408725659161230492e-02
3.865601300268334817e-01
6.008039739346776598e-02
4.202751199886556321e-04
3.985772483505595765e-01
-2.857735447636520765e-01
4.438248670652733541e-02
8.418545716987807515e-02
1.657073191619523600e-02
-2.363154389399024780e-02
-2.555302013566179697e-02
1.042580824926642169e-03
8.590915496285728148e-02
1.087534319778053482e-01
1.118285622875880292e-01
-9.315024305116093029e-02
-1.711743340399261015e-01
2.001607602567865296e-01
1.157347902383319971e-01
2.724045938591769800e-01
-1.776734771971866245e-01
4.479566544611766621e-01
4.676505340743862260e-01
-2.567489441025203600e-01
2.196985905784482052e-01
-1.648373387887418495e-01
-7.518515863516478381e-02
5.937654888019533450e-02
1.645513023182031409e-01
-8.105123145171427845e-02
-1.394558216556688324e-01
-2.288113342556575835e-01
-4.131018766158972566e-02
8.017578090588006745e-02
2.428689668045593830e-01
1.841308979861573381e-01
3.517851863410337288e-02
3.850571576023230635e-01
-7.958863663769821795e-02
3.432330590655167657e-01
-2.157790987248294767e-01
-5.822092268082568189e-02
-2.625145705994234024e-01
1.116983810485638884e-02
-1.677321955223604055e-01
-2.257070655616923438e-01
-3.281584477021430302e-01
3.526721807699486622e-01
1.634840134811754719e-01
1.009524361625738220e-01
-1.149948592666710789e-01
1.398754489573257875e-01
-3.344575953307302729e-01
-2.767176396973602404e-01
2.485911860827023090e-01
3.820191764189426187e-01
-1.214064497271813425e-01
-1.037539437734196213e-01
-9.192736840187443192e-02
1.444372200996299482e-01
1.972051006549730423e-01
-4.038511420937934138e-01
-1.608149899607996813e-02
1.174839797498605232e-01
-1.308533643475518482e-01
3.672718428709442762e-02
-1.326931101122375001e-02
7.518448835457453017e-02
8.624333635991310310e-02
1.372961652303890667e-01
-4.939656107428969101e-03
-8.004561550986366569e-02
1.919224700138476014e-01
-9.181400284464552586e-02
3.822073171630589461e-01
2.083770003243731184e-01
-1.004443054556225512e-02
1.116727421283290611e-01
-1.888393080514749744e-03
-5.190520282189448054e-02
1.278645491930346934e-01
-6.615093240468900015e-02
7.036354735486033407e-02
8.446394526197242847e-02
-1.986707258011575217e-01
1.635359051320172119e-01
-3.278867349455164004e-01
-1.044331255836461469e-01
9.521132468130028004e-02
3.428490937354422563e-01
1.097752792051595594e-01
-1.104423625049801294e-01
-1.311641372789859039e-01
-5.126258271735737448e-01
4.129310708106613270e-01
5.504895879163538286e-01
-1.794393553825041621e-01
-4.567977963689495713e-02
5.919779258323021320e-02
1.247729008304035436e-01
-1.392439071308209098e-01
3.996678504062267656e-02
-1.574309801965584343e-01
1.128724394114392626e-01
1.572348869939776961e-01
-2.590200250611297550e-01
1.591743392135010482e-01
-1.178620167885521264e-01
9.506131292819069989e-02
-3.350858033522583490e-01
-2.873278536193588639e-01
-1.058207303206004646e-01
-2.081779372927476390e-01
-2.238739635426412189e-02
-2.430507897847102861e-01
3.772672641387853076e-02
2.227143516371726251e-01
-2.517021571149153925e-01
-6.231428561878477046e-02
6.665293657916631087e-01
2.642450604271573411e-02
5.374993899224178584e-01
1.895928262597190161e-01
-3.377148462606997525e-01
-2.929869662448584267e-01
-1.284107179600186832e-01
-1.204298909237799808e-02
-1.157288034614492589e-01
-5.614305559117543920e-02
-1.909159232443036203e-01
-1.275082208323098931e-01
4.428364013045743564e-02
-1.413350402259454519e-01
1.977314993785400654e-01
-1.016894907412772553e-01
-2.267905153259480722e-02
2.592808152451659964e-01
2.981989731167072888e-01
6.472433275775174577e-02
7.805379762992892267e-03
-7.324767258653286373e-02
-2.025761160623030244e-01
2.982073971983055238e-01
1.794413458629674496e-01
-3.587121091021011621e-01
-8.460510141609522972e-02
-1.599049219683896239e-01
-1.083377444259622790e-01
-1.201912548233230460e-01
-2.705362473026351466e-02
-1.416694729962076349e-01
1.812579239366139405e-01
9.859805349012590314e-02
-2.014040409646461471e-02
-1.451903702134176299e-01
-1.330857587057543978e-01
1.470885702333729617e-01
2.043561382908229973e-01
-2.355837182206197977e-01
-2.497079605175742678e-01
2.339211810407737513e-02
3.818913747129324410e-01
-2.743248089593313677e-01
-5.991098450548454357e-02
7.852064405762754218e-02
1.782814941408364384e-01
-1.932594948967576998e-01
2.800618669576675490e-01
-2.243718867477685341e-01
-4.146920529130043720e-02
-2.063900219328487773e-01
2.148696481689730819e-01
-7.029135771280542455e-02
2.656206169899605340e-02
1.428736895255178219e-02
1.869128465927029081e-01
8.940156830446527314e-02
1.010921151076196178e-01
2.956404287175478651e-01
1.010628713744432527e-01
-8.077498301613439402e-02
-1.158531079445623835e-02
1.491331744464667874e-01
2.129796988504889521e-02
1.057161241383374195e-01
1.613949494049791156e-01
-2.492976210702385620e-02
-3.050241594368333087e-01
1.457977860742831200e-01
-7.022975226533767490e-02
9.118137458582237231e-02
3.915074380644201213e-02
-7.533063751047919254e-02
-8.605038068481096758e-02
-2.519711903288199273e-01
8.354221468555272923e-02
1.213502564716314458e-01
1.171417197008857713e-01
2.269017187999356477e-01
1.405827784094614841e-01
3.481828615082252498e-01
1.172719079535570752e-01
-6.719120242447501612e-02
6.351559589183886079e-02
1.078328121710543375e-01
-8.426125260725941812e-02
3.634957661233229054e-04
1.102284269834858388e-01
1.295564270912648031e-01
1.543060167662558824e-01
2.314020625186878899e-01
-3.350887429072840762e-02
7.285515565377448377e-02
1.042841503005731418e-01
-2.740036118057631587e-02
2.432685463446237484e-01
3.249829080380838842e-01
2.455929358844577415e-02
-2.270315577871112045e-01
-2.069204438462129425e-01
-2.383978208576287283e-02
1.624533964770015215e-01
-7.975842226591539630e-02
-1.555914749620808668e-01
1.413072156183414751e-02
-1.028850381353370036e-01
-1.756247253336489234e-01
6.666177981338883285e-02
1.029930671021488386e-01
-2.951497456548218823e-02
-4.198072707777220081e-01
-3.434015792668937417e-02
2.085990219036494842e-01
3.371592820283156877e-01
-4.613782740134142468e-02
2.152160105390932276e-01
-4.579899550447726897e-01
-3.356855432580515552e-01
9.713928068283333994e-02
1.663041616160944036e-01
2.208945527659599284e-01
-7.523020875968466914e-02
-1.879065923436490371e-02
2.841083661297022500e-02
-6.614314633562312640e-02
-1.039311341151346046e-01
-1.071534890807776530e-01
3.576823675608081232e-01
1.633973324719907305e-01
-4.261000620656041349e-03
-1.322842257498839658e-01
1.065237623218820984e-01
4.178388285657754775e-01
1.147993914933553294e-01
4.746919739384996006e-01
-6.236109588444405105e-02
-2.660262794335255254e-02
4.927344990182247475e-02
-1.814072995610838679e-01
2.817631065245121413e-01
-3.687550870994232843e-02
7.525739180359675151e-02
8.872549579065874825e-02
-3.034623234684526993e-01
-1.515031683500790982e-01
-3.770862441388178055e-01
-1.703335929597879495e-01
-2.231296620354161764e-02
-3.114233021241653021e-01
-3.670419143166632758e-01
3.180383313225554343e-02
-3.393675266640922006e-01
-2.060616484076343013e-01
4.025634312937059756e-02
-2.073920234364160509e-01
-3.095813525910996455e-01
-4.384141277459779884e-02
-2.951802903929545696e-02
1.516746321704503520e-01
1.911867690554420740e-01
-1.548313187606157881e-01
-2.379061921002718627e-01
9.366986229606744097e-03
1.716125988383171430e-02
-2.701701223533163332e-01
2.148061838741055496e-02
-2.033681976583854856e-01
1.029927881026918013e-01
1.513661916181611167e-01
-2.422448726240926664e-01
-1.161606827185773794e-02
2.030124689229252377e-01
-1.007791581899369904e-02
2.098608752643404962e-01
2.301480252266802085e-02
1.220366743202392912e-01
1.791636576583356955e-01
-1.965418209856568676e-01
2.093791254925583267e-01
1.950699091460644796e-01
-6.584904083510173534e-02
-2.704172576606483913e-01
-2.158582695830894016e-01
-1.984478801497752687e-01
1.326408811487519990e-01
-1.624567977106770589e-01
-1.491335834808139027e-01
5.250593569813033490e-02
1.432581395421650416e-02
-1.711363301853236485e-01
-2.316723723103071841e-01
1.132918948310413509e-01
-1.001779505185212971e-02
5.167058018360537464e-01
1.192744579742173183e-01
2.208446757918188230e-01
-2.542192072118096835e-01
2.316753362600811883e-01
1.949259821327483655e-01
-2.596287223503889741e-01
2.641303508608867645e-01
1.688825636883872772e-02
1.360591730922677822e-02
2.011438254988684449e-01
4.022986615761331430e-02
-1.264370225265321057e-03
1.798085194890352012e-01
-1.748267129825292754e-01
3.955221431898731099e-02
-3.451052388206073407e-01
-8.229085314804895912e-02
-1.703859810550435450e-01
-2.111845542045833191e-01
2.643155781960305761e-01
9.982604907321085408e-02
4.190583665014165904e-01
1.430737114616852934e-01
2.848863826610726346e-01
-7.931081815090734732e-02
2.624039695875320932e-01
-7.015932464078200592e-02
4.138351563294556668e-02
-2.397321150509846843e-01
-2.352800294204769327e-01
1.534655066135762747e-01
2.886616010573328506e-03
-1.678971497403101143e-01
-7.097226569936665452e-02
2.459948863988247192e-01
3.044870474763994306e-01
-8.102136574651308543e-03
3.922429381736197707e-02
1.411810502983641968e-01
1.116591386922597406e-01
2.593988522874415281e-01
1.584391425688223554e-01
1.760596770188995741e-01
-1.813469723415573887e-01
-2.315013895079117145e-01
2.173394507653624852e-01
5.965317270017358453e-01
5.599786728535594005e-02
-1.954618775737085312e-01
5.444198955231976944e-02
-1.435184184052136769e-01
1.860488313846465624e-01
1.107313118436468180e-01
-1.175400358259303668e-01
-2.018463490025638740e-01
-1.029018414508977020e-01
4.241178391776800893e-02
2.820443286925666815e-02
-2.399488288230736122e-01
-5.998533738872013910e-02
-5.109820931972353097e-02
-1.362252796181588343e-01
-5.122286096364109254e-02
2.026083445179640563e-01
-1.954102732523888553e-01
-2.635649617055274563e-02
3.037832703605874429e-01
-5.355996202635567860e-01
1.256156053230865211e-01
-5.792783678851720630e-03
3.638599107304016367e-01
1.582934016014188594e-01
3.190079425198952823e-01
-4.837023725198663637e-02
2.918300624226369266e-01
3.739451761943529684e-01
-3.094442991603564286e-01
3.263911954899702539e-01
-1.598808501867919896e-01
-1.143087301611418471e-01
-6.474986885810279924e-02
1.565331215675617726e-01
-5.975863376401213678e-04
7.018532797208160146e-02
-2.258981836971617474e-01
2.914019168245574054e-03
-3.231978886923980721e-02
9.535906059615822938e-02
-2.132792532185459056e-01
1.117051207448718775e-01
3.642175413457326982e-02
1.930690748032773407e-01
-8.294925994599849917e-02
3.961937129621861953e-02
-3.865435776946757329e-02
-1.220372265342641316e-01
5.878712973751598625e-02
2.155014967400965542e-01
1.345933085756929048e-01
4.858746145559523222e-01
2.702964071130088408e-01
-2.636004419737466020e-01
2.034393888528971961e-01
3.467624010408293378e-02
5.511126840028862661e-02
1.740902502833275856e-01
8.102723036967557357e-02
1.226461787097654632e-02
-1.844128091881558351e-03
-9.206419832579693097e-02
4.191629360117954395e-02
-2.145326113533710943e-01
-1.601664035735775315e-01
2.686561630037406223e-01
-1.203285088803008884e-01
6.037504699861889756e-02
5.075392881052476213e-02
-1.651302153509115467e-03
1.717326034761647580e-01
-5.946952751330375486e-02
-2.679423629894825409e-01
-2.902355967133435355e-02
-3.638542777799946837e-02
-6.609489538507151707e-02
-2.289599682488268062e-01
3.301777710935249743e-02
-9.855309206984474990e-02
-3.601752248317677263e-01
-1.873570318882398777e-01
2.368529518094203978e-01
2.495349253281337054e-01
-7.697291045980725332e-02
-7.863906043543261726e-02
2.277063216281471902e-01
-6.317264601163891102e-02
-2.252812598132870048e-01
-4.202034319832789189e-01
-5.446191108745540577e-02
3.403378496272974063e-01
2.001860527072640838e-01
7.011231921428662250e-03
1.350690052430414401e-02
-1.411510318146785847e-02
-7.165850793145600584e-02
-1.622045654676410043e-01
3.498317256443792544e-01
-5.415206556550372641e-02
-3.930033903850277399e-02
1.436706334817700603e-01
7.171915267486683732e-02
-8.802689110221056934e-02
2.171495650792678589e-01
1.178440981806214705e-01
9.005469139600891237e-02
5.534006063102131501e-02
-2.759346541038105727e-01
6.316825847997664667e-02
8.851167987679431359e-02
-1.763119732174707743e-01
-7.828949664660217467e-02
3.169147354173695863e-02
2.547219542292988859e-02
-3.396302873775852715e-02
1.473230149012690338e-01
6.814749618783350060e-02
-1.322696207734286311e-02
3.356600995516085262e-01
-1.087906239711018408e-01
7.667648168949481313e-02
3.316095736768196467e-01
4.248207168367358899e-01
-1.685700126749737349e-01
2.213485193408571972e-01
-1.090871194664803090e-01
-2.852283408651941632e-01
-7.013835237635462905e-02
-8.017427881626759678e-02
-4.107599521793381392e-02
-1.239376597971595939e-01
-1.344594559427711444e-01
-7.070634376075946026e-02
6.146818352410574615e-01
9.626026547341109962e-02
1.251318885363272848e-02
4.945036606080766006e-02
4.069934581197529044e-01
-1.241247877333981342e-01
4.035659621203916969e-01
2.240218225311171873e-01
-1.653254250621679633e-01
-2.221264456330546699e-01
7.639706298901050019e-02
-1.576168150841537607e-01
-3.124708381565142745e-01
2.331289982453587095e-01
-6.008473134673120164e-02
-1.205263871341011872e-01
1.245703081285297054e-01
-2.104571951688172238e-02
1.782883519134479400e-01
1.751747132442945665e-01
-2.685724966699438720e-01
3.484569955129183105e-01
-9.735173330255375568e-02
3.127630694560688540e-01
-1.196381212764596191e-01
-3.455617921458986608e-03
-2.170534128449163047e-01
-3.779438882489533080e-02
-1.143201604071067412e-01
-7.206542414374383920e-02
3.648161735904208447e-01
-3.307749138674836997e-01
2.109999404009013646e-01
-7.702575954726681440e-02
6.184486184906523576e-03
-2.135538778703033325e-02
-7.422366936772750723e-02
2.684158649354866366e-01
2.161701212911537606e-03
-1.511916306595736947e-01
1.968505424761940459e-01
2.087199400115114512e-01
-5.047004634817692237e-02
-3.158388928694522146e-02
-9.196211226577688524e-02
-3.188720366259628625e-02
-2.659600284691519545e-01
-1.069489866157767866e-01
1.756996744361410401e-01
-2.487026901509798438e-01
1.435213031618846613e-01
1.925843495162851693e-01
-5.299729226521610048e-03
2.138064299554535141e-01
6.576833169190499095e-02
2.578930335464295065e-01
-1.053376233271052786e-02
-4.410053672056363228e-02
-8.802742909426186646e-02
-1.116664478171430774e-02
-3.580520743510710036e-01
-2.565420244958159235e-01
-1.380091016067894194e-01
2.222499702509910802e-01
4.140985564785000794e-01
2.378649202032869225e-01
-1.789388887824512331e-01
1.238533059979896045e-01
2.480236872378687729e-01
-1.095314976701081133e-01
-1.916276191570411846e-01
2.301483549785169891e-01
-1.334414069327628516e-01
-1.331460945452831446e-01
-2.585657581584497877e-01
-1.119017562012893374e-01
-9.228363578055565064e-03
6.015946594529081315e-02
1.035141628769734035e-01
1.127265237879095938e-01
2.416599071392404596e-01
1.674576686127053349e-01
2.266706911597674567e-01
-1.262676651002612171e-01
2.115415176436052369e-01
-2.415668832593841908e-01
8.142287710253565125e-02
-1.900240982023266301e-01
-3.230015951093805349e-01
1.243671693464820094e-01
2.329993513832834817e-01
-4.811888454980700613e-02
2.065223690830025327e-01
5.798892294782737045e-02
-1.215436905070935159e-01
2.329997090571008234e-01
-3.001159574648060158e-02
-3.071982662272876308e-03
-4.192993203794165291e-01
1.662466855734167082e-01
4.658076682129497215e-02
-1.117402158519675281e-01
-1.555170096432654803e-01
4.621493185794667280e-02
-2.733394037723075320e-01
1.743223882831616556e-01
5.436025585318010611e-02
-6.077708637541795467e-02
-1.427078426452624837e-01
4.173067269982388972e-02
-1.736274668095116880e-01
1.163865693424622760e-01
-4.806897289884692892e-02
4.704258586544413090e-01
-9.034076665647300386e-02
-3.068511333267448515e-02
-2.094553426686240893e-02
-3.054398293628226568e-01
4.587774426524308113e-01
7.512830879870457945e-02
7.251589066900876457e-03
-2.211093757529488113e-01
-1.507650939808396484e-01
-1.693533175055594309e-01
5.501618550233289273e-03
1.669742160880496318e-01
-3.451983513622358668e-02
-1.705825943104397058e-01
-8.646093897166601261e-02
1.905439725855958555e-01
3.076087762791043789e-01
-1.627712821499550655e-01
-3.571574858976349631e-01
-2.163654208809557278e-01
2.376831590424748897e-01
1.161304486522206636e-01
2.190814056192337267e-01
1.581352475988972439e-01
-2.003262873825810697e-01
-6.206071185625994246e-04
4.535782779283372146e-01
3.310768616477516302e-02
-8.243358180808424418e-02
6.668891935559878581e-02
-3.203956023397105946e-01
3.642471332005815521e-01
1.127668651975505254e-02
8.805557544612435672e-02
9.126879202196780394e-02
1.230811063466957789e-02
-8.789878910936371748e-02
9.956317306099599085e-02
-1.088234958700063371e-01
-2.043094803932304915e-02
2.798020325358160365e-01
2.199038890897629384e-01
4.974275976301456570e-02
-2.958099912495987249e-02
-9.615036128028819906e-02
-2.147431745294816063e-01
2.390034120704987997e-01
-3.756810970439528052e-01
2.165571232082784126e-01
-2.256916732556089045e-01
-7.974290824484259188e-02
1.395398591885387285e-01
5.739021782889769385e-02
3.041760846043055078e-01
2.519662752798884076e-01
-1.502873614641897504e-02
2.281150409833018200e-01
8.382408624823212140e-02
-1.425813103115013969e-01
-1.894960650987275730e-01
5.395131246644641054e-02
1.215397621927905569e-01
2.716124349785854486e-01
1.849082186312828169e-01
-4.632708623305337170e-03
5.133318297968286759e-02
-3.182174020918258628e-01
2.010800772543267501e-01
1.382983224229542007e-01
-1.756383827172580681e-02
-1.498069240883494468e-01
9.679120086307435589e-02
-4.127650001448174288e-02
-6.818312780930346761e-02
-3.914767839441435360e-02
1.376542927643817915e-01
3.725341066235572929e-01
8.965795878294324783e-03
-7.953188011644379829e-02
8.309648483944376274e-02
-1.158137687252415726e-01
-4.533915682926153989e-02
5.996555044089429964e-02
2.260042213530501498e-01
2.815535327591841552e-01
1.380757468511419894e-01
1.249146633038235032e-01
4.515201402774826622e-02
4.479762648397955793e-02
-2.495810678966890461e-01
3.780784975872114595e-02
4.101591623469693082e-01
3.277538000880688696e-01
-6.289754756919452294e-02
6.861760031752345279e-02
-2.267509713783202319e-01
-1.150173327352449482e-02
9.222646799019962316e-02
3.742364005194645515e-01
-2.256257906512302847e-01
-1.016915514299644441e-01
-4.069055233501828184e-02
-2.166487866925674299e-01
-9.255063940022512092e-02
2.495345385403504035e-01
-1.746356033508128514e-01
9.110560244310439426e-02
1.870126561519202535e-01
-1.747271724133500070e-01
1.953069335271273577e-01
2.104991745856418794e-01
-1.494348890395530427e-02
-1.729440278310838686e-01
-1.979309913113192487e-01
-1.581940902279062588e-01
1.298677117182117646e-01
-1.932803674815375405e-02
-5.400321134017949110e-02
-2.706454818094474746e-01
-5.444258312442978864e-02
1.167469757906263172e-01
2.600752782773663174e-02
1.519357991370807737e-01
-1.565369276045135982e-01
3.718914774342180207e-02
2.351504346191208294e-01
4.646723616699821036e-01
9.897194317925145368e-02
-2.296150160321580591e-02
1.944627349991569498e-01
-1.208677756595223918e-01
-1.280297322256691017e-01
1.793964521753494967e-01
3.329098188724377572e-02
-9.585399378234171763e-02
2.487577332469275149e-01
3.244859198822960811e-01
-8.669422892452671725e-02
4.423593087249516609e-02
-5.186232146147390365e-02
-2.003148385992929437e-01
-9.588620654730473092e-02
1.131603126495643319e-01
-1.627484988502170271e-01
5.784886928881893819e-02
-1.703567101786471749e-01
7.370659454021938339e-02
-2.808955675188196111e-02
2.031858672500629903e-01
3.754912395958918125e-01
2.304260634987334022e-01
-1.271254743199755066e-01
-1.752085838472194346e-01
5.020163673742419341e-01
3.046040715250993292e-01
2.671484332682824703e-01
-1.696456242254665847e-01
2.383013294949088978e-01
2.458218384107738186e-01
1.702893269886893712e-01
2.245167106004664070e-02
1.890651263288771200e-01
4.820726370238153646e-01
-3.076323189714458284e-03
6.638809744608914487e-02
2.876026813873655552e-01
6.527461663642691869e-02
1.168209187543584049e-02
-8.262181107030308613e-03
-4.280590209838540106e-01
2.743442863411404975e-02
-8.625922065302660258e-03
4.608044082977602596e-02
5.711189426418181725e-01
2.945699369401914569e-01
-1.484302950942442134e-01
3.028678310207189028e-02
5.826786420657809051e-02
4.094775059259589400e-01
1.269676095440698260e-01
2.232750887204445478e-01
2.810916257431128606e-02
1.461537990738914772e-02
2.036873756832707771e-02
4.327992025667759535e-02
-3.309193176139486603e-01
3.793876644578293988e-01
-1.466442718571069892e-01
-2.532730831166751240e-01
-5.147266834093316978e-02
-8.682360391452703663e-03
-1.257098960075711536e-01
1.320507969159989692e-02
7.334282756322274555e-02
4.552304188539024743e-03
-1.265409435445319364e-02
1.237200438784282208e-01
-9.694478969546316272e-02
-1.135192182085054124e-01
3.098280327256703881e-01
-2.295960907810212226e-01
-2.608183982199396844e-01
2.251297085182332181e-01
-1.727244437785835918e-01
3.845200499936442529e-01
3.527996042382199327e-01
1.190758410042007109e-01
1.465679412933301173e-01
5.619342021673923160e-02
8.755049707253204083e-02
-1.716269514167007570e-01
1.545833488814259971e-01
-1.300422665126197974e-01
-1.933642638317040197e-01
-3.080856380118163207e-02
-8.978554956628859163e-03
3.455247074451506251e-02
3.405073013655485203e-01
6.155279899412197109e-02
8.022483799970792084e-02
2.083694658871791394e-01
1.362320218211793277e-01
1.649712472000885999e-02
1.559639416317176175e-01
-1.029822416801627893e-01
-8.960285852601440615e-02
4.725145766038528761e-01
1.298923221841446485e-01
2.111500321807538993e-01
-7.987999058929678986e-02
-3.023696122547619991e-02
1.954326774999171068e-01
-2.809083099036456810e-01
-3.362592789047900710e-01
-1.460734545175612076e-01
-2.850305037865166202e-01
3.304785891927525254e-02
2.340159942727156883e-01
3.401805347532573798e-01
-1.003995264836332613e-01
-1.401711560547950208e-01
-3.920709490155160903e-03
5.971158492735695322e-02
1.364015455396702658e-01
-2.721128707743358799e-02
2.661125020162432020e-01
-4.627630212692690481e-03
-2.089263278161265225e-01
-1.920866719970615311e-02
6.343195135435625298e-02
-4.825807813918503442e-05
-3.375993291190180212e-01
3.473272199084828649e-01
-9.306135156487688187e-02
2.071639232245698348e-01
-6.245719806137117747e-02
1.926331549263419762e-01
-1.365778311005352852e-01
2.375065526884848066e-01
1.794692138932145742e-01
1.297598354479881921e-01
-7.539743663394232742e-02
-3.988970383249107465e-02
9.340023654088036587e-04
6.265688031505706190e-02
2.873945898190725656e-01
-3.887322914026214438e-03
1.001115342920427809e-01
-3.961633310351771464e-01
5.136276765699369085e-01
3.152302587209449003e-01
9.347181522206909898e-02
-1.993810225448199858e-01
3.179853791269502405e-01
-2.413882380301218822e-02
1.403461593194578194e-01
1.755175556234661038e-01
-2.170516411115634425e-01
1.211642390819211990e-01
2.116276533641151536e-01
-5.705457699485139145e-02
2.341187940766371600e-01
4.515146689440624472e-02
2.201223175317832959e-01
5.226268216774943021e-02
-1.578216802698845234e-01
3.028573471536076811e-01
-2.149652781012288405e-01
-1.798373281943355106e-02
3.930260369396243458e-02
-6.207035537090516142e-02
-3.123738085381466689e-03
-2.437949350384793212e-01
-2.224410147517185132e-01
2.069008019587091352e-01
9.973191657655244846e-02
-4.539100043425153830e-02
2.990967830642121683e-02
-2.994202359121231338e-01
3.032582312301533300e-01
1.579839533788683914e-01
-8.454033580960873540e-02
1.876094689142693839e-01
-1.192269173517365166e-01
3.117705736018580032e-01
-1.743726243100245377e-01
-1.754804734120020693e-01
-1.903911848976829746e-01
2.906534820858335255e-01
-1.323243516107197593e-02
-2.599505993551723959e-01
6.478300587442209491e-02
7.226381177371116182e-02
3.389167040191812807e-01
1.336722410753277135e-01
8.386979747926276429e-02
9.091321777030797469e-02
-3.060110947757060940e-02
-1.371374667748140319e-01
1.731158405624240171e-01
-5.769125852834111612e-02
1.735427023118316647e-01
1.186917763839320794e-01
2.080272507449016928e-01
-3.085304328417987629e-01
4.750311389135675189e-02
-6.413001454257438727e-02
-1.185287014832780983e-01
1.835725060103923223e-01
-7.358278444088367509e-02
-3.387994893255229512e-01
9.802871431128867830e-02
1.162353618040601333e-01
1.377026196715102069e-01
2.040569190823426360e-01
-1.785184013779217427e-01
-2.678084891422759517e-01
-4.224746502271581328e-02
3.962534920661525129e-01
7.710867365435869480e-02
-1.184924530863417091e-01
2.847934898852038654e-01
-3.372013331117468260e-01
5.008709052128135220e-03
2.037124007671864412e-01
-9.409464016328139557e-02
-8.467185455038717112e-03
-1.117667520935772263e-02
-2.142811316947186850e-01
1.273562097501736434e-01
2.204031515053894719e-01
3.406974774248044957e-02
-1.363849871656819257e-02
2.759373427714553739e-01
-4.357713038004445982e-01
1.505047799410586529e-01
-7.889911318573422649e-02
1.677289953889615770e-02
2.016639013964500182e-01
9.516797173553953604e-02
2.283283331814630057e-01
-1.285116936352581618e-04
-7.639970016176611534e-03
-1.558062989535266563e-01
2.324130611190189932e-01
1.269737655991624581e-01
1.734836737016943742e-01
4.025706584760535556e-02
-2.535693859420107277e-02
-3.383673292815210232e-01
-2.512519128829155401e-01
-7.004634090559669346e-02
7.869614951171877149e-02
3.944302153197681848e-02
2.516271290416587370e-01
1.665711721982111593e-01
7.736229975751318655e-02
-4.523910953868615081e-04
-1.790021520418172418e-01
9.800372045510685748e-02
2.433361923356459622e-01
-1.339996392434113504e-01
5.085624388983012167e-02
9.594954635935021292e-02
-3.854744437735424523e-03
-6.915291597075007290e-02
2.339484215267384482e-01
2.583415557202612400e-01
1.259079872075022366e-01
1.079834258913718870e-01
-4.137566123758457115e-02
-2.642836519047389032e-01
8.589571282957741971e-02
1.240351148328583397e-01
-2.607583324218842868e-03
1.655155053065235915e-01
-3.175568234745209661e-01
-1.957239233033567505e-01
-1.276874067227515841e-01
6.872732598912956181e-02
1.747210431606241454e-01
2.193094926083127838e-02
-8.524254933371355758e-02
1.264681686156109985e-01
-5.797835954508001599e-03
1.591928427103150301e-01
1.078612875376659397e-01
-4.194073936800718494e-02
1.974064032689665793e-01
1.320147730068963465e-01
4.016499891293462410e-02
3.469670336036997926e-01
-4.337532286498341216e-02
1.092464940890658376e-01
-3.276719940687033428e-01
3.501378135170967187e-01
-5.536873592948637901e-02
2.089260129348578521e-01
1.541257513614224806e-04
3.363592274574864760e-01
2.612082249273651180e-01
-1.678386112371191285e-01
-2.332113716589038765e-01
5.897774854087378671e-03
-2.610009568645967337e-01
-8.316311202609227848e-03
-1.541300106459839170e-01
-1.667272401680756633e-01
1.186162579917434123e-01
2.721971582473626805e-01
5.723562449893560000e-02
4.212000203112147290e-01
4.914320303401406020e-01
9.931528705159248238e-02
2.476729682138215094e-01
-6.479869730816162354e-02
-5.334313824924019620e-02
2.550607364750345774e-02
-1.189618842625528305e-02
-2.025841262800277542e-01
4.741162025408973690e-03
-3.444125030736677195e-01
-4.731560165508014171e-02
-1.808672770292762966e-01
3.264544790743853508e-01
-2.820802601406020571e-01
8.958018329646949551e-02
-1.603780216930998370e-01
1.319473676217170488e-01
3.391306143471961576e-02
2.334853132249788410e-01
9.467086272116670420e-02
-1.069163841114545432e-02
2.429360460500723518e-02
-1.684717134442978992e-01
-1.037552633100708444e-01
9.267962921782912922e-02
-2.878042300430647127e-01
2.411542829580203828e-01
4.830119612773581261e-02
-1.084217234540081343e-01
-1.986528379034013803e-02
1.210163654166357405e-01
3.636977622044584857e-02
-6.907037925886999608e-02
-1.327245191921487821e-01
3.241237197142534665e-01
2.288923834523953760e-02
8.091866832815014510e-02
3.490391990035635605e-01
1.288967584822032775e-01
-7.204316484458783698e-02
1.711070769435073524e-01
1.669927079980756957e-01
2.833633658272136646e-01
1.513937591475019162e-01
-1.915165808876020948e-01
1.986295945886332737e-01
1.390056386745552319e-01
2.357359815135687264e-01
1.031436562316227490e-01
1.642797294695332311e-01
-1.538528302221605637e-01
2.608872575481935852e-01
-2.718252018287714566e-02
-4.411918620019195103e-02
7.307453700024985066e-02
2.859932316534894992e-01
1.367939574076363352e-01
-2.587971416295992699e-01
-8.676457315143559779e-02
1.228825043556201480e-01
-1.405264626973773412e-02
-1.604027882473828548e-01
-1.969493049124559914e-02
-1.286217897100679353e-01
-1.585030040846721056e-01
2.695020723925963257e-01
3.323290986206401398e-01
4.546107267045438882e-01
-3.693107593752987805e-01
-1.204017700090942999e-01
-1.344455554690542343e-01
5.590051687221316845e-01
-1.218866934050373274e-01
1.077664293256174188e-01
-1.087722593915400604e-01
-1.074334276388363985e-01
1.415790665536467152e-01
1.150803630645618192e-01
1.232025488331754959e-01
-8.054751915568481024e-03
-6.014744054759846303e-02
2.072064038941462405e-02
-4.091699025072648155e-02
2.869366800752973234e-01
1.120111646712849129e-01
4.496120899683050953e-01
2.468683302914465583e-01
-1.019358378287051892e-01
-4.501671326566325515e-02
-6.460571987350594014e-02
-1.116721080745312622e-01
1.895405639826734934e-01
8.787699963975320605e-02
-7.668136061611857679e-02
1.558428626425165664e-01
-2.713817509861977673e-01
5.674043368796027886e-02
-7.423672565707661875e-02
1.213397151603400892e-01
-1.091939044002118719e-01
-9.301327730547820360e-02
4.077384755244495285e-02
-5.821037026839426254e-02
-2.428031397216692810e-01
2.116068433103774349e-01
-1.010275834771854342e-01
1.994206512228553496e-01
4.307269616658433442e-01
2.708639131391931687e-01
2.067202507517308385e-01
-2.598027479378789417e-02
7.940373546579310160e-02
9.769919187254738624e-02
-1.207751797619804890e-01
-2.595052383524053541e-01
-2.414032738520716093e-02
4.380942811583621310e-02
-3.983413584251447870e-01
-1.828771704744798776e-01
-2.915736014477057214e-01
3.642368916811461466e-02
-7.074238408115990362e-02
-1.064084450766543677e-01
1.217491120400198690e-01
-5.007739757925566693e-03
7.773818200955112667e-02
-2.301712924667786986e-01
2.096177990068212038e-01
-6.094376923811856139e-02
-1.910919494684418796e-01
1.231168846595138144e-01
9.095358724273466811e-02
2.608180045696038563e-01
1.266095043176296286e-02
5.343509825628883769e-02
7.013830024598988189e-02
1.324883015826250343e-01
-3.393653886963099442e-02
-1.805836657215295626e-01
-1.914165154603071906e-01
-5.663883795369534235e-02
2.234086492854092665e-01
-1.034020262291703851e-01
1.183216598745741588e-01
1.557894196415661736e-01
-5.265571885213243819e-02
-2.697500869609075758e-01
1.450039617050991048e-02
-4.046483828384017656e-03
-4.462369680149425033e-02
-1.672472608070655897e-01
-2.029699659533618084e-02
5.749164619047097968e-02
-5.472186228088682380e-02
2.180678315206595053e-01
-4.238941501642951026e-02
-5.911447501573791063e-02
-1.179658805859268300e-02
-4.501602081329220129e-01
-1.027517539971983251e-01
5.191514618811504667e-02
2.460860233313331147e-01
