-9.892309016230451668e-01
-9.023100894775955005e-01
-7.787192038430609253e-01
-8.105588662037388481e-01
-9.464902258558063330e-01
-9.345279005304177877e-01
-9.989419278140996283e-01
-9.862555068957393756e-01
-9.746925347760651004e-01
-9.875088048021495313e-01
-9.987299009535520744e-01
-9.361525474927303581e-01
-8.755631626999380579e-01
-7.466356769655110304e-01
-9.980187108011261410e-01
-9.844407731098884229e-01
-9.140424912231046584e-01
-8.965142797116123496e-01
-9.295800417873908428e-01
-8.868074365628495492e-01
-8.804631760949435115e-01
-8.808615378093109793e-01
-8.895638394527735082e-01
-9.251659016447035810e-01
-9.998876525811154492e-01
-8.522081710011443212e-01
-9.977888007659722058e-01
-6.543025093514193147e-01
-9.266385133086147974e-01
-8.693701213597317956e-01
-7.730871133004703077e-01
-9.933984278369994980e-01
-9.995913886220773037e-01
-9.216789282244883807e-01
-8.618565364616215252e-01
-9.839266548895468922e-01
-7.317802918536857604e-01
-8.975033713128015567e-01
-9.312855780679902828e-01
-9.982037881662585432e-01
-7.678977876089783106e-01
-9.377243983992631371e-01
-9.738231897463136555e-01
-8.454673453638588132e-01
-9.928063255263657183e-01
-8.744795224238867126e-01
-9.685821870181047233e-01
-8.254877852974388253e-01
-6.220149803786418907e-01
-6.671967470884504481e-01
-9.801201725653704289e-01
-9.139964791111444553e-01
-7.921717179629201855e-01
-9.293414375603727962e-01
-7.734122951820692204e-01
-9.860585741026195450e-01
-9.735317933478945251e-01
-8.697575655891280899e-01
-9.429162878862037411e-01
-9.565383520085081193e-01
-9.092942865885282888e-01
-6.969188982634322294e-01
-9.790752867980536678e-01
-9.387911235848979130e-01
-6.388555857968213347e-01
-9.734114263962085900e-01
-9.402030867263287961e-01
-7.245675640374831250e-01
-9.284756188312774938e-01
-9.963984520933210076e-01
-9.955095452275598555e-01
-8.898714380692912540e-01
-8.824284747591968348e-01
-9.994544429986718104e-01
-9.964489345008616938e-01
-8.899117180095406088e-01
-9.013712346379819662e-01
-9.874918394011013012e-01
-9.995800775843880492e-01
-9.966718805666868741e-01
-8.329345427808384494e-01
-9.772314449810044490e-01
-9.679321465028020155e-01
-8.855081565843391234e-01
-9.710855831668705473e-01
-7.683058791221158979e-01
-9.029675184223977524e-01
-9.112826448172604010e-01
-8.650841541209181029e-01
-9.929264692720322083e-01
-8.402729150579405504e-01
-7.191376637803763572e-01
-9.976841812564229972e-01
-7.655155516323790543e-01
-9.999636005182603871e-01
-9.459758809182650108e-01
-9.453214652767601978e-01
-9.991590085551882439e-01
-9.290949259578592523e-01
-9.265062423791611268e-01
-9.963107869404436157e-01
-9.961100733087342451e-01
-8.628758356119126116e-01
-9.494318544142502647e-01
-9.982230027667873262e-01
-9.640811467206408247e-01
-9.987364102141579325e-01
-8.803086552772709794e-01
-9.999879791802482876e-01
-8.984972635818992970e-01
-9.696850530798405421e-01
-8.665413666869595799e-01
-8.932377211546116413e-01
-9.238632093859941996e-01
-9.986693083328785914e-01
-8.868457605326779403e-01
-9.977416559570130294e-01
-9.953249423739268797e-01
-9.425267020283307762e-01
-9.743558601749119363e-01
-9.630754246724485546e-01
-6.861927313587190547e-01
-9.935834900344344689e-01
-9.517859257313600052e-01
-9.262184260736583408e-01
-8.147207007491387154e-01
-9.998411600726035964e-01
-7.954703253397138463e-01
-9.186798272593477144e-01
-7.646994093899348588e-01
-9.974978831398497725e-01
-9.888969571489983901e-01
-9.895481812603064142e-01
-9.869130731125395073e-01
-9.640129818443102794e-01
-9.997936698752012408e-01
-9.222737468465891375e-01
-8.814579780740400272e-01
-9.500288888621633010e-01
-8.391542211691700448e-01
-9.949474842208126946e-01
-7.099823173090213935e-01
-8.721639550901957305e-01
-9.867387129282541025e-01
-9.821814132122884677e-01
-9.995091387340639955e-01
-8.934581072031112514e-01
-9.565383589993421420e-01
-7.526582828611566578e-01
-7.529429352608376647e-01
-8.929663693387880352e-01
-9.501496914153081397e-01
-9.968265126869698678e-01
-8.248080862058539964e-01
-9.598401112154771875e-01
-9.998173643436704117e-01
-9.142056470296322512e-01
-9.747580830305972999e-01
-7.771740039808263667e-01
-9.714435166993714565e-01
-9.929628083566230945e-01
-9.669743864025784896e-01
-9.827248599719439204e-01
-9.825310641692551750e-01
-9.879958970608340163e-01
-9.991576733281496425e-01
-9.349562047346531291e-01
-9.220250773463773974e-01
-8.315454205876585680e-01
-8.716044184590617805e-01
-9.484857456442511436e-01
-8.681006735308158806e-01
-9.974644697678103356e-01
-8.607888404662404902e-01
-9.994589513370029099e-01
-9.670457205698528291e-01
-9.989081406246943518e-01
-9.448898687599531776e-01
-9.450589884106511684e-01
-9.903537580043034749e-01
-9.896484671551802892e-01
-8.250403095338201265e-01
-8.751180868727781448e-01
-7.395800385896380558e-01
-9.434679700399200009e-01
-8.680957138338809553e-01
-7.913461242352088920e-01
-7.918314485979691675e-01
-9.463023326191218887e-01
-9.458852733529401480e-01
-9.197383910330437784e-01
-8.906495398909500816e-01
-9.878831697253130928e-01
-9.962999923904513055e-01
-9.138726484128386618e-01
-8.176767444763565207e-01
-9.665235496845272500e-01
-9.865278384883003904e-01
-7.382867817734860560e-01
-8.718782507936302384e-01
-9.998695045752197252e-01
-9.268259435018648684e-01
-9.999481998915539238e-01
-9.187145775486098564e-01
-7.996119005416266745e-01
-9.873302236894406780e-01
-9.839838991016907066e-01
-8.092542562240147008e-01
-9.451393014095972323e-01
-7.116564181717877080e-01
-9.899524333061383574e-01
-9.738922378845817907e-01
-9.442350268471267905e-01
-9.998260375498029262e-01
-9.801515658077274429e-01
-9.983386201162223195e-01
-9.575342231489847311e-01
-9.894142099098929277e-01
-9.814727216674937749e-01
-7.531021486671738430e-01
-9.631297859136120909e-01
-9.905945579340161844e-01
-9.997099744244185571e-01
-9.894916309334309545e-01
-9.976648430723290550e-01
-6.175725499367663573e-01
-8.953467182467518271e-01
-9.689676576344302683e-01
-8.872906197312455667e-01
-9.782241978200054699e-01
-9.621280860727440265e-01
-7.995412581319959466e-01
-9.677308723828901282e-01
-9.943944190258423577e-01
-8.789949142047943642e-01
-7.492451023996220538e-01
-9.792804951875617725e-01
-9.281954700081668230e-01
-7.376033938235446730e-01
-9.825141240411094934e-01
-9.991376672289770111e-01
-7.978746151309159540e-01
-9.997920696262388995e-01
-9.982924765079465024e-01
-9.955061026491899279e-01
-9.802132068393956121e-01
-9.989299722163418327e-01
-9.970059956537984380e-01
-8.823155239809031825e-01
-9.638224560328960688e-01
-9.551857204914500077e-01
-9.835637627743081257e-01
-8.693666377221793695e-01
-7.423987040394592896e-01
-9.201987507540650979e-01
-8.677473658688772407e-01
-9.144461371329900556e-01
-9.993720209674687993e-01
-8.352999121836014451e-01
-8.265879793770637418e-01
-9.830431341704920500e-01
-9.937268204038133268e-01
-9.994253019602362675e-01
-9.957708492765935393e-01
-9.728270249535176939e-01
-9.809400435141109043e-01
-7.784196577414271845e-01
-9.744564729836839856e-01
-9.922895408801873929e-01
-9.511573087106088842e-01
-9.161894593527435404e-01
-9.994879006337327176e-01
-9.412506120271031396e-01
-9.984552878998953496e-01
-7.269364784045740935e-01
-8.245487395069336367e-01
-9.700654902226244491e-01
-8.503521451245257268e-01
-8.413029375618747974e-01
-8.365407834317644120e-01
-9.936018606794554398e-01
-8.221707482688724866e-01
-9.767710114833662027e-01
-9.816002242378268905e-01
-7.967869883198084313e-01
-9.742714661371200124e-01
-9.725903864092448892e-01
-9.947618611974508029e-01
-9.301056054180815158e-01
-9.706777256764427264e-01
-8.948880549853047706e-01
-9.401861443460585166e-01
-9.994160972219200412e-01
-9.611224348246530935e-01
-9.384582390951380360e-01
-8.079655658019403441e-01
-9.999990945667546205e-01
-8.177009178819432123e-01
-9.846120235181670122e-01
-9.529016093750030114e-01
-9.830400425582681567e-01
-8.263141984994299971e-01
-9.479509792199749540e-01
-8.987472235411793076e-01
-8.803153347079750723e-01
-8.399010369373252072e-01
-9.536151799291711084e-01
-9.590647947218471359e-01
-9.011920024530029050e-01
-8.534222520133142309e-01
-9.786226097650929656e-01
-9.836944877638634788e-01
-8.455051231589170158e-01
-9.005308002092899944e-01
-9.798647462817257070e-01
-9.780391728863553347e-01
-9.784994017679218281e-01
-9.983283538567906401e-01
-7.618003896739887759e-01
-6.904069229975766664e-01
-9.457448461806283735e-01
-9.418149726318809645e-01
-9.941331393505186131e-01
-7.798930202816825030e-01
-9.236034836168545148e-01
-9.118677037255285001e-01
-7.206640125959099530e-01
-9.323916524503653713e-01
-9.395742884127522565e-01
-8.203911596122714922e-01
-9.657770304360497882e-01
-9.952510133646029766e-01
-9.239197240552464718e-01
-7.409011478110067994e-01
-9.941022269675714451e-01
-5.897855282297701507e-01
-8.847873200849505348e-01
-9.944439018860639079e-01
-9.236583315789914650e-01
-9.924157171639864661e-01
-8.131590607394554304e-01
-9.993690022643599846e-01
-7.372027156636518086e-01
-9.963137820269203360e-01
-9.919452105017637633e-01
-6.718699654845833313e-01
-8.506539346457309136e-01
-9.834663901832468857e-01
-9.237775840458296583e-01
-9.421484536563372592e-01
-9.309301121833112314e-01
-9.998043806915277720e-01
-7.655004729578590572e-01
-9.911632350059931262e-01
-9.129902702777107359e-01
-9.472377859301807090e-01
-9.984694995509272308e-01
-9.807420259745657232e-01
-9.808858715933947980e-01
-9.985556790883720613e-01
-9.286220530988940070e-01
-9.560207366791673156e-01
-9.991484885794588156e-01
-9.093205818053785583e-01
-9.807162010694681076e-01
-9.231297139051147793e-01
-9.423622578144756901e-01
-9.521532130069728650e-01
-8.009947803286473489e-01
-9.341109056258320997e-01
-8.880803147317311019e-01
-8.652737108739333438e-01
-9.877388460652124502e-01
-9.925033950565135266e-01
-7.785046151452292840e-01
-9.886646210260702228e-01
-7.507645694411577697e-01
-9.999091111888386285e-01
-9.318176825587088929e-01
-9.047966282557143858e-01
-8.596192150717890668e-01
-9.719948197752060759e-01
-9.403431016396034403e-01
-9.965349596992983949e-01
-9.516288159563540683e-01
-9.279827727888650957e-01
-9.238351762174586979e-01
-9.581508384537630318e-01
-9.004555324833807273e-01
-7.990562721897236376e-01
-9.144707637607122352e-01
-8.964269298959567367e-01
-8.093786187875950944e-01
-8.535691641961750120e-01
-5.803942674368685051e-01
-9.280562660894637883e-01
-9.649451467442146102e-01
-6.926499468835733975e-01
-9.541233589131671300e-01
-7.322040737869911498e-01
-9.864567542420354940e-01
-7.166221096976503890e-01
-9.484342551721051118e-01
-9.322144021446696627e-01
-8.708439763494355557e-01
-9.652747483744550383e-01
-9.954774279685910665e-01
-8.409126089464311615e-01
-4.482030411063844810e-01
-9.919502054570017435e-01
-8.701912356120000691e-01
-8.597041653095270908e-01
-9.965710191605502422e-01
-9.981166737625297714e-01
-9.998905487959707239e-01
-6.768516742087997695e-01
-9.571662186226875813e-01
-9.542032586150618334e-01
-9.546982062059927721e-01
-9.438558883734697869e-01
-8.119087081677159867e-01
-9.964942294485780172e-01
-8.415018819729505051e-01
-9.332243703893178255e-01
-9.818428514407777641e-01
-9.024069341678643275e-01
-7.481502509006955348e-01
-9.427638381876497498e-01
-9.346140831657446801e-01
-9.486803186316821179e-01
-7.942096002639921215e-01
-8.978714424934010063e-01
-9.868935796320731368e-01
-9.184748191899265723e-01
-9.999453055978856364e-01
-9.989872789000631137e-01
-9.579925925352027472e-01
-9.770708589306985603e-01
-7.511871397303362397e-01
-9.447766630100331575e-01
-9.945737793732949417e-01
-9.688076907457039422e-01
-9.812351236687881784e-01
-9.866180637135558706e-01
-8.137239756391752010e-01
-9.630607705390875628e-01
-9.502148885469288153e-01
-7.181200478085002503e-01
-5.776644149479691626e-01
-9.867559572764398323e-01
-9.576569009575541802e-01
-9.995727577323568758e-01
-9.922952680740600995e-01
-9.287506986764361150e-01
-9.662111714053979172e-01
-9.940740723871633877e-01
-9.937903135805646881e-01
-9.577493865129284023e-01
-9.120993012529178268e-01
-9.766039910504887844e-01
-9.795953636103913453e-01
-9.682619230121298770e-01
-9.187400128743888894e-01
-7.205116574790162431e-01
-9.991085050102044285e-01
-8.725330168836564759e-01
-9.476536188252319137e-01
-9.800242050386686055e-01
-9.974720058988856275e-01
-8.428087078614724392e-01
-8.890216250383189411e-01
-7.802949780668902990e-01
-7.333120205201953956e-01
-7.663614966494136649e-01
-8.224822985576046852e-01
-8.043024484945908714e-01
-9.945915629453530027e-01
-9.617407838879359350e-01
-9.999493202080518284e-01
-9.307789700685970002e-01
-9.492949582659293561e-01
-9.730349493173719999e-01
-9.777857531895518539e-01
-7.603349890648319898e-01
-8.718595125973249704e-01
-9.907507515159079681e-01
-8.921153690734363595e-01
-9.830405412613265614e-01
-9.793553064668016894e-01
-9.143328410365747505e-01
-9.125971127671822503e-01
-9.848332624231689314e-01
-9.918144785498145266e-01
-9.993793313034967651e-01
-8.579493557533997006e-01
-7.556993011357248102e-01
-8.535592201853399175e-01
-9.301546982268683594e-01
-7.770492281812425572e-01
-9.974833065974295643e-01
-9.118311091434839755e-01
-9.718149908487562216e-01
-9.999800526118031163e-01
-8.352650923957480877e-01
-9.333497611995150711e-01
-8.917339607049243888e-01
-9.274999472869827066e-01
-9.205091154067963632e-01
-9.055304667178986078e-01
-9.286874633601666096e-01
-9.498200753822321207e-01
-9.364306342339581146e-01
-8.694548785506712729e-01
-9.991945635365940825e-01
-9.675469193770772636e-01
-9.497823279523665008e-01
-9.879135156168260545e-01
-9.999469867492848385e-01
-9.944002374834535196e-01
-8.998436994913034948e-01
-9.637702565510628538e-01
-8.650007866926707756e-01
-8.089314853178780629e-01
-9.836912518427137764e-01
-8.522579295816317124e-01
-8.722991334073126879e-01
-9.753597257754855754e-01
-9.917227839287090507e-01
-9.907795432736878904e-01
-9.780879455155068181e-01
-9.699622851322383665e-01
-9.672782482652864111e-01
-9.307717125131117486e-01
-7.259546908710198254e-01
-9.561726268917978278e-01
-9.998347335902412203e-01
-6.899937738036884260e-01
-8.317691141359541129e-01
-6.769322310471225235e-01
-9.771056263185544655e-01
-9.507925513783738181e-01
-9.440050676267695007e-01
-9.938852677191625240e-01
-8.748949042175504509e-01
-9.801232170418906486e-01
-8.699742588188833503e-01
-8.666732696786315637e-01
-9.077426212449980492e-01
-9.988066541513374030e-01
-8.390761476307724287e-01
-8.871321728603794865e-01
-9.715491934687597864e-01
-9.970753859569921884e-01
-9.913928901368539437e-01
-9.638365340521727331e-01
-8.832089721803592086e-01
-8.674358307474869800e-01
-9.059594010628490013e-01
-6.995366888550549334e-01
-7.590190268763711279e-01
-9.220091497976475869e-01
-5.209100197175038360e-01
-9.238021548828891927e-01
-9.140359085970615194e-01
-8.111220941057950551e-01
-9.843986562306188404e-01
-9.498065361043008803e-01
-8.884896802367626689e-01
-9.340378065345034120e-01
-7.354262199661834032e-01
-9.966930712429658001e-01
-7.664740558645946056e-01
-8.964052673496203383e-01
-8.936660391655197877e-01
-9.604810712079268065e-01
-9.590637917488772368e-01
-9.380892215228568976e-01
-9.472145103987792414e-01
-9.919224851483914307e-01
-9.914325722578494204e-01
-9.997620392337075446e-01
-9.707800477723764754e-01
-9.752270683244551597e-01
-7.230164033406680790e-01
-8.724787028806556544e-01
-9.606152673436515466e-01
-9.998706154145418079e-01
-9.265837310149381834e-01
-9.529838013428711951e-01
-9.336926841408442757e-01
-9.605105899329987595e-01
-9.407933127990122379e-01
-6.232114472750736045e-01
-9.151322097325600424e-01
-8.704039965187128081e-01
-9.923426201488346754e-01
-9.966097012270790367e-01
-9.980289307622897121e-01
-8.331105568627054092e-01
-7.805198845178298317e-01
-8.947299958031380562e-01
-9.746172461746638316e-01
-9.651927487358652469e-01
-9.987683675363191460e-01
-9.249728936680237101e-01
-9.827191721060306584e-01
-9.984229728533877690e-01
-8.000963365622204559e-01
-9.948634862407196300e-01
-9.768101897537821987e-01
-9.799847792763122234e-01
-9.294775591611609267e-01
-9.545098144345722790e-01
-9.107455648801000558e-01
-9.554762942892607303e-01
-8.730012430195134288e-01
-8.681371410831899560e-01
-9.379830844393272082e-01
-9.461456771951290978e-01
-7.588964177138418643e-01
-9.973638905969803847e-01
-9.196205351939595873e-01
-9.923800050898644587e-01
-9.408287881418382348e-01
-9.466369470660643826e-01
-8.409520117132488481e-01
-9.838764065320464436e-01
-9.849718125284973036e-01
-9.897905100848023441e-01
-7.695534162466669548e-01
-9.796762951077294668e-01
-7.185294393997223583e-01
-9.343281772967975130e-01
-9.676838682076439602e-01
-9.075217761255992555e-01
-8.241871351135932056e-01
-8.090010766822345323e-01
-8.723461567914808645e-01
-9.992042527116690165e-01
-9.783541797376339444e-01
-9.512983064709119585e-01
-9.959103908826449914e-01
-9.554838679649688693e-01
-9.836527134140157225e-01
-9.884001836011336861e-01
-9.074882534266639489e-01
-9.936861111284464032e-01
-9.912982099230873700e-01
-8.841720102317489616e-01
-9.052118524882132311e-01
-9.595243819184143819e-01
-9.237738804589699093e-01
-9.557988106951678109e-01
-8.974811750170320623e-01
-9.408944961953378261e-01
-8.555451494001564683e-01
-6.948584442729086597e-01
-9.998881913669570576e-01
-9.823107470570661137e-01
-9.940792386779987444e-01
-9.254599521825958020e-01
-9.574942148776114381e-01
-9.488524617959507301e-01
-9.203886569423639363e-01
-8.839951786586217608e-01
-9.602924595316393308e-01
-8.767737961108520439e-01
-9.595639903167143547e-01
-9.681891946915959224e-01
-9.789162537571449718e-01
-9.931519954631057301e-01
-9.978065453797938522e-01
-9.978293669153434076e-01
-9.197695329529621544e-01
-9.488494900794293141e-01
-9.582311073612934660e-01
-9.972520964489758333e-01
-9.562819102788115977e-01
-7.644232369191689136e-01
-7.752531680094421063e-01
-9.686543432813883303e-01
-8.613765180725349024e-01
-8.436356974048314639e-01
-9.582515923725958285e-01
-9.509028478415904040e-01
-9.864639067547334994e-01
-9.254527267467798080e-01
-9.741724532119691027e-01
-9.743450989147343089e-01
-9.363346643655550139e-01
-9.706557188822220184e-01
-9.178088911014634643e-01
-7.523897164218418254e-01
-9.533769973935608544e-01
-9.256761887448754500e-01
-9.413748684714645654e-01
-9.730971124584391063e-01
-8.513138350509553698e-01
-9.147300898786346890e-01
-8.662438352815855502e-01
-9.743857595121195869e-01
-9.974271795616564962e-01
-8.502294195827434509e-01
-9.988586284540721394e-01
-8.863954660246226025e-01
-8.118523289569153922e-01
-9.674430805818933221e-01
-8.032857635175201239e-01
-9.456749630079356317e-01
-8.552077608800913167e-01
-9.201752310878187346e-01
-9.676045617676489741e-01
-9.358202518855469609e-01
-7.943122515777930603e-01
-9.869066059248119416e-01
-9.436491175513055385e-01
-9.622974134682265035e-01
-9.742766096327916125e-01
-8.842394454464309606e-01
-8.685990412910309377e-01
-9.178179103595468513e-01
-9.511886575266874644e-01
-9.176768970748669929e-01
-9.543198974914968158e-01
-9.504508512820987187e-01
-8.766093435185947635e-01
-9.151628970435954358e-01
-9.153639775770863185e-01
-9.989388627991209191e-01
-9.852639421357820559e-01
-9.205847812625016502e-01
-9.968853657688860892e-01
-9.835568845016251505e-01
-8.859914072284990061e-01
-8.822664966787475693e-01
-7.598005802992319202e-01
-9.999851735620145510e-01
-7.879065465280100655e-01
-9.062008447518004051e-01
-8.747790432586923792e-01
-9.994974491935675331e-01
-7.862696148590975209e-01
-9.805551608288612941e-01
-8.407014296610022530e-01
-9.913779589135429671e-01
-9.647474083401176292e-01
-9.065737468641501540e-01
-9.815051187059231630e-01
-8.987707418721062602e-01
-8.095110931850741931e-01
-9.805607985451235686e-01
-9.125998352384144807e-01
-8.228912435158484140e-01
-9.877764362188258263e-01
-9.697176350249571142e-01
-9.301305352005481142e-01
-9.123033822919445202e-01
-8.957704226682294824e-01
-9.465277962403843004e-01
-8.711709938226022132e-01
-9.269729829215622718e-01
-9.891434653710846625e-01
-8.144434523440993168e-01
-9.460574247691846406e-01
-8.538090256731983851e-01
-9.533199827868270582e-01
-8.748570719120567496e-01
-9.616182030399105241e-01
-9.909753552171614022e-01
-9.997581055666578953e-01
-8.899625872412041394e-01
-8.374052151725784876e-01
-9.989997269774477662e-01
-8.565160574904654434e-01
-8.888363236692949920e-01
-9.805228541236211681e-01
-8.310967445567891687e-01
-7.764947968658302280e-01
-9.729527591276587728e-01
-7.976380644767750994e-01
-5.804560277014022551e-01
-9.815899801765000099e-01
-9.939366010125069151e-01
-6.297811228878776868e-01
-8.987068542680042293e-01
-9.468189427156347149e-01
-9.293306385890707233e-01
-9.131186669899994390e-01
-8.671677403774891157e-01
-5.746379453224823575e-01
-9.429668141664490078e-01
-9.989001917781783479e-01
-9.959043870531180120e-01
-9.403814241088239712e-01
-9.370678167580359652e-01
-8.135742064462070378e-01
-8.888668309959799618e-01
-9.239090557135821724e-01
-9.928641702730551799e-01
-9.335593928304334321e-01
-9.986596798258209340e-01
-9.252473283752516986e-01
-9.106046907388746225e-01
-9.956967503004275910e-01
-9.437455461465652506e-01
-9.003008792333470067e-01
-9.578272748545330062e-01
-9.643407979579082800e-01
-8.603174202869525722e-01
-9.088856872153784350e-01
-9.226548688328406467e-01
-9.920528633478167269e-01
-9.890271967142961751e-01
-9.254644992725494790e-01
-4.278273480262287376e-01
-9.015552624276426119e-01
-9.977448288166369528e-01
-9.508531855260786703e-01
-6.612261691779359740e-01
-9.209863085183123133e-01
-9.582392523562860420e-01
-8.568506882817517045e-01
-9.664700009572199102e-01
-9.912843178821063583e-01
-8.693417696534371242e-01
-9.681124631956261606e-01
-8.403509541787261838e-01
-7.407136259393990452e-01
-9.725565703330312228e-01
-8.427481437718896684e-01
-9.280198437725000193e-01
-9.906193064209147803e-01
-9.976770198754278951e-01
-8.297226300006126376e-01
-9.756369904426127615e-01
-7.908259266926568332e-01
-9.327640234717129442e-01
-9.348605417415649654e-01
-9.680919718455817113e-01
-7.699050935313986876e-01
-9.174105407716824923e-01
-9.931192555150039070e-01
-9.268580404115851490e-01
-9.674116440392352967e-01
-8.094346507635750143e-01
-9.352563673081180085e-01
-7.677929204301202626e-01
-9.690567569883347110e-01
-6.138512959369094579e-01
-7.497519463001411921e-01
-9.998360026026242853e-01
-9.526527370744157786e-01
-9.979995290358212312e-01
-7.966634073451471787e-01
-9.072774566962676923e-01
-9.937738351579932239e-01
-9.828465583526475591e-01
-9.199894368483888529e-01
-7.583781190794539606e-01
-9.843231521880924095e-01
-9.858716790615752457e-01
-7.060260998033853763e-01
-9.481402631234160383e-01
-9.489395948419454552e-01
-9.734630271292921133e-01
-9.569857473320093622e-01
-9.909454735101421718e-01
-9.316173057583507777e-01
-8.161444827060791996e-01
-8.716895463452805082e-01
-9.726609668166623646e-01
-8.884783222962618909e-01
-9.908126250193007856e-01
-9.460836016154341443e-01
-8.598817733351614701e-01
-7.817924729306263698e-01
-9.457949612461141742e-01
-9.703748059015582239e-01
-9.818376352679227814e-01
-9.962481748088634070e-01
-9.357890675661862945e-01
-9.864731006521042511e-01
-9.532296877958776893e-01
-9.983239915211834514e-01
-9.406632165671993118e-01
-8.657056730163120717e-01
-8.837758099943938683e-01
-9.872377488727736017e-01
-9.950056364885039306e-01
-9.077702094237865005e-01
-9.964749486073852802e-01
-9.279563154323569041e-01
-6.923373214825743194e-01
-9.777228599227860695e-01
-8.691480046088775335e-01
-9.998817980104076630e-01
-9.173550534421754943e-01
-9.828089931667604029e-01
-5.856260368493633184e-01
-7.915270384079484689e-01
-9.439677142832642032e-01
-8.903059891626470268e-01
-8.068662310596574905e-01
-9.304391991505476245e-01
-8.840486498747180955e-01
-8.921691359814092337e-01
-9.982487590458626325e-01
-9.455657367656776779e-01
-9.290933387998827619e-01
-7.173338733027030401e-01
-9.857930731194872731e-01
-9.301964708654031355e-01
-8.153749477028308101e-01
-8.432015679576506662e-01
-9.987548024297883131e-01
-9.406453014253803868e-01
-9.140364764274894194e-01
-8.767674141664185683e-01
-9.085107642727665578e-01
-9.434268151809122038e-01
-8.656545885706361521e-01
-7.422955165951178325e-01
-8.833146987288665875e-01
-9.995840130806245005e-01
-7.956281182487519033e-01
-8.666770130742573741e-01
-9.393639774344247906e-01
-9.987548412812584653e-01
-9.913400820525961610e-01
-9.392675096090016273e-01
-9.873575969489217785e-01
-9.050072239951016950e-01
-9.067921147537379989e-01
-9.335197259716109253e-01
-9.286792563056766037e-01
-9.229314160262932498e-01
-9.736191937120992623e-01
-9.056788492434688642e-01
-9.952526581993734744e-01
-9.461326194699318792e-01
-9.997495699260724455e-01
-9.449427053466855631e-01
-9.137457931262275013e-01
-9.988520674359901985e-01
-9.728875058602863835e-01
-7.970427046720802711e-01
-9.972806816806594199e-01
-9.973695628954937220e-01
-7.999720810187176401e-01
-9.477903056321985709e-01
-9.960978336293421220e-01
-7.802135496251330071e-01
-8.359745727520515590e-01
-9.943199260610476875e-01
-9.435522789405770272e-01
-9.991969251598888935e-01
-9.588240897179174382e-01
-9.355550383233667278e-01
-9.895513249960186108e-01
-9.968878160865588534e-01
-9.997780019087424419e-01
-9.177206577688398204e-01
-9.853534868040514372e-01
-7.729075928177864263e-01
-9.860405826215736802e-01
-8.617698934507506126e-01
-9.317896551294925223e-01
-8.332722656322261168e-01
-9.066093202646885452e-01
-9.846824843243592307e-01
-9.948424815357144180e-01
-9.707043943055321256e-01
-9.704733278292888565e-01
-9.819646478036482273e-01
-9.885860408294604440e-01
-7.521323259854983956e-01
-8.757651055299295884e-01
-9.398119617424417482e-01
-9.866033784075987079e-01
-8.729648324088943312e-01
-8.839899898740375406e-01
-9.258139182581527349e-01
-6.838197445980955802e-01
-7.524984163942219917e-01
-9.789718217873519812e-01
-8.004818096547506867e-01
-9.700117248833636241e-01
-9.810872265390367941e-01
-8.035357542975131162e-01
-8.332448538664187776e-01
-9.459729051514035314e-01
-9.800267155408317610e-01
-8.477496511424242875e-01
-9.977915746393297702e-01
-9.913903156120382754e-01
-6.566937836255350991e-01
-8.389042536893787094e-01
-9.930363637259965737e-01
-9.143537336642801883e-01
-9.703986413923975096e-01
-9.889783353243901676e-01
-8.164714705673528083e-01
-9.715158046153210547e-01
-9.461011871618043578e-01
-8.777955904496026474e-01
-9.901699289094308964e-01
-8.635193641937927156e-01
-8.499212297837223096e-01
-9.855731166373443708e-01
-9.990580135981137477e-01
-9.994748117564106193e-01
-9.079197824116542748e-01
-9.760121883944035126e-01
-8.012699648280597886e-01
-7.546509948901196640e-01
-8.014767358062835356e-01
-9.967339427088162118e-01
-9.303043515729532142e-01
-8.853615474340599256e-01
-8.705045965847284517e-01
-9.993526379840410589e-01
-9.972858407411475667e-01
-8.937285904804429526e-01
-9.743818259266321391e-01
-8.276576776057211760e-01
-9.970223944339087208e-01
-9.574591854031784255e-01
-9.953062461554806895e-01
-9.007406178456188739e-01
-8.238621227573662553e-01
-9.375276063794386605e-01
-9.957138046680189536e-01
-9.183934020375101870e-01
-9.556395917691953290e-01
-9.913100494981101907e-01
-9.986365414185436329e-01
-7.087822760515812837e-01
-6.718248900172101301e-01
-9.178762890410876452e-01
-9.968905930305081986e-01
-9.118858162363894238e-01
-8.616889089329787810e-01
-9.902452657961342553e-01
-9.270878018485146921e-01
-9.464330536884107969e-01
-9.989445831075726145e-01
-9.898876965764807911e-01
-9.368816569230470348e-01
-7.736077629998511229e-01
-8.500528693807910541e-01
-9.419777212848267078e-01
-9.987691822947454279e-01
-9.187703695172834140e-01
-9.390698241932291523e-01
-9.462678144659170121e-01
-8.759159012554775803e-01
-9.392377074136369908e-01
-8.869569121051085192e-01
-9.205700165429722137e-01
-7.242322732662885842e-01
-9.052585655157282529e-01
-9.700345242125223422e-01
-9.734541535905532061e-01
-9.993293213360129323e-01
-8.182260873547790858e-01
-9.800091595983306814e-01
-9.793158162855946092e-01
-8.637838727930791105e-01
-9.831235150989457994e-01
-9.985741578470834767e-01
-9.989103906227988494e-01
-8.949078100984153572e-01
-9.795109085235810253e-01
-8.982271897452276388e-01
-9.702771043196335432e-01
-9.987318381705050374e-01
-9.426127844274941880e-01
-9.439558753152367254e-01
-9.986947780411892239e-01
-9.979976023429911747e-01
-9.921661293424109962e-01
-9.251097196133231115e-01
-9.869761627914974689e-01
-9.646303561207948407e-01
-8.288093325225032171e-01
-9.946721392496113978e-01
-9.788272299182111391e-01
-8.841470172145518003e-01
-9.742758794360483199e-01
-9.362356518523369253e-01
-9.080718235823883600e-01
-8.630423817983888801e-01
-8.056378166310402822e-01
-9.526100022843846382e-01
-9.676677095100515436e-01
-9.712829178725990165e-01
-9.670107939060876845e-01
-9.173587134211991234e-01
-9.576148438751854730e-01
-9.984778752553798986e-01
-9.948646088092720774e-01
-8.975387175288531694e-01
-9.674503005228488606e-01
-9.822649326355237243e-01
-9.101968082058712328e-01
-9.369598493288796570e-01
-8.080719429272443799e-01
-7.861871639263826594e-01
-8.155825715539036791e-01
-9.746490643436862555e-01
-9.434176079599593256e-01
-9.636254861579971465e-01
-8.232846373834821208e-01
-8.580129328274165301e-01
-9.912437095449095903e-01
-8.984489697362281202e-01
-9.810332356791368058e-01
-9.550229168272313940e-01
-8.818477118496289568e-01
-7.991359478857280596e-01
-9.999972192034151108e-01
-9.916712386177028993e-01
-9.726121974221437760e-01
-8.168450736545127544e-01
-9.317459644106624861e-01
-9.587640022616846780e-01
-9.494664174918928667e-01
-9.799910366974390330e-01
-9.130820596012441115e-01
-9.853237216041591529e-01
-9.253062706778117930e-01
-9.991152430745293689e-01
-8.828353648969938794e-01
-9.853477150921512440e-01
-9.833897864581949699e-01
-9.562522195237250777e-01
-9.578119947115119048e-01
-8.185318312713851796e-01
-9.894531019520549364e-01
-9.541945832788168991e-01
-8.786380337902867099e-01
-8.940312324250451192e-01
-8.566700016388298922e-01
-9.692352509588442189e-01
-9.790909258844928686e-01
-9.338605505718694522e-01
-9.049753363908121795e-01
-7.798378855627929873e-01
-9.934598299151985445e-01
-8.336325120099794539e-01
-5.801019792271828734e-01
-9.988938430972238436e-01
-9.928813040938516687e-01
-8.981938263258834043e-01
-7.730480779782551437e-01
-8.746080912750566760e-01
-9.988363183986883609e-01
-9.621883213537765211e-01
-8.967137514784819796e-01
-9.987913776891361728e-01
-9.507408373918178057e-01
-8.913005104973118486e-01
-8.753260178767953148e-01
-9.908842901999167507e-01
-9.248780587650737850e-01
-9.687270858413472574e-01
-8.861248918227324634e-01
-8.981421596603914592e-01
-8.584584232592766817e-01
-9.128412363902524973e-01
-9.673921055489608234e-01
-8.621511492123030695e-01
-8.990385976168019377e-01
-8.337225086837105614e-01
-9.083348464026804736e-01
-8.813021964898017924e-01
-9.959002597505077770e-01
-9.835236041600151635e-01
-9.885453883517305584e-01
-9.993338463531324933e-01
-9.654957974356783712e-01
-9.057368501070278688e-01
-9.956365529611075349e-01
-8.236690167034508292e-01
-9.650906715695829474e-01
-9.186095938816529749e-01
-7.670826254725360283e-01
-9.726467028655009228e-01
-7.978245502993837057e-01
-8.383626082785547995e-01
-9.653209369675542773e-01
-9.964315314516610789e-01
-7.317114128141147811e-01
-9.995816853620106412e-01
-9.255122440078449308e-01
-9.674573651805515873e-01
-9.407710874910916177e-01
-9.631079139579574733e-01
-8.846477528310523475e-01
-9.248850238459965789e-01
-9.993208953070441547e-01
-9.115092421889861019e-01
-9.181601138539927653e-01
-7.963263878127589956e-01
-9.877366082668402880e-01
-9.547775427050627650e-01
-9.933489354249328551e-01
-9.993545155292254956e-01
-9.903092457884126176e-01
-6.678800234284582027e-01
-7.770187235482935995e-01
-9.806628402257127064e-01
-7.963111336816468544e-01
-9.576101451125036412e-01
-8.926602678584076855e-01
-9.276919367936050653e-01
-9.418459443668326658e-01
-9.841928368727822507e-01
-9.857926044202420801e-01
-9.477733312325783421e-01
-7.621109308258954274e-01
-5.656490482157120470e-01
-8.620673161763111603e-01
-8.459737988634205008e-01
-8.325198658307804145e-01
-9.857615539095149204e-01
-9.985039916606988086e-01
-8.338256542872413135e-01
-8.434131491041387818e-01
-8.969947774014260800e-01
-8.764684771295245813e-01
-9.243616557698444147e-01
-6.324378252712944404e-01
-9.118876868873280195e-01
-8.443305989058021988e-01
-8.876261492671856379e-01
-9.406197013570101184e-01
-9.006063664909675914e-01
-9.980726229533020133e-01
-9.044917987034918339e-01
-7.754789161175059675e-01
-9.665630791258104093e-01
-9.752312806986580540e-01
-8.087260302319402294e-01
-9.793665365551332824e-01
-8.327549568547355507e-01
-9.699826406910423415e-01
-9.975212607493281203e-01
-8.098028664276624156e-01
-8.650330637510352805e-01
-9.897381274076908486e-01
-9.741587470090263823e-01
-8.901202459832193714e-01
-8.919318174279340372e-01
-9.877253248218053061e-01
-9.538332212030998791e-01
-9.521296149730084091e-01
-8.607826847449207008e-01
-9.438246089141996142e-01
-8.118102530740275435e-01
-7.687335851721839308e-01
-7.932344238378555845e-01
-9.423426994379321409e-01
-9.628471090079258055e-01
-9.897477246158064013e-01
-9.752365091401019592e-01
-9.194758339360513677e-01
-8.184349633232773646e-01
-8.490134423572525124e-01
-8.585714232484903397e-01
-9.901632433806414335e-01
-8.587253820566432827e-01
-8.543088455450131846e-01
-9.988262441278348280e-01
-8.791239237589588695e-01
-9.998990911747992483e-01
-9.522082234366244791e-01
-9.756813095580941786e-01
-9.943422733095320654e-01
-8.210408326450574501e-01
-9.835056362169137811e-01
-7.258786175643120453e-01
-5.518098461688302203e-01
-8.163431622433747759e-01
-8.379439422062699983e-01
-9.555841871398588205e-01
-8.625485652935425129e-01
-9.755445392988901787e-01
-8.092695583495781442e-01
-9.844984927163928923e-01
-9.300456454419205876e-01
-7.624141113222777655e-01
-9.935565321247316062e-01
-6.257617042321518275e-01
-9.505171624531861818e-01
-8.198091203225102985e-01
-9.894658176437534092e-01
-9.450729741916527038e-01
-9.831962828191925796e-01
-9.802085347719584618e-01
-8.242391351748223904e-01
-9.750000619951523229e-01
-9.261593467339492847e-01
-8.833078518957904191e-01
-9.784725561353756484e-01
-9.957130051282488958e-01
-9.927807324278842271e-01
-8.638630331380524607e-01
-9.911251586383328371e-01
-8.963578920933816807e-01
-9.825738164093179572e-01
-9.156212726198958984e-01
-9.276565265398115656e-01
-9.151457540850740369e-01
-9.277182544533570940e-01
-9.186126392436154697e-01
-9.159762788054033322e-01
-8.724931611614317184e-01
-9.090718929900376555e-01
-9.867385054709076897e-01
-9.939850430615385646e-01
-8.414340410557366035e-01
-9.019255105746695200e-01
-8.785381135467535962e-01
-9.932319489261783874e-01
-9.947264786315975771e-01
-9.912676443464046860e-01
-9.956404593760136423e-01
-8.689291809977227610e-01
-9.906078412984318238e-01
-9.601532414521429804e-01
-9.337105571902442058e-01
-9.828946369533000382e-01
-9.609523586549559848e-01
-9.568308918322815382e-01
-9.454852768034984756e-01
-9.036747624099946696e-01
-9.772213635287032574e-01
-7.994150249470773906e-01
-9.996585974061665825e-01
-9.999556155579194527e-01
-6.459331809923452017e-01
-9.249276215237928200e-01
-9.213475043082536287e-01
-9.931846767899320527e-01
-8.752801047571019399e-01
-8.263365962236389750e-01
-9.111352079196682885e-01
-9.574406029167357168e-01
-8.452511657394815581e-01
-8.979430773454705195e-01
-8.041781489218688961e-01
-9.823444143162236575e-01
-9.406324236675699391e-01
-9.267956476007617184e-01
-8.814599513477864301e-01
-9.056230002112354294e-01
-9.034241841042711663e-01
-9.592580906034371413e-01
-8.580799647855212875e-01
-8.065096610234188113e-01
-8.959517933607569207e-01
-9.609038774561381446e-01
-9.972450528041112428e-01
-8.822995969204341371e-01
-8.714938263186664535e-01
-9.553180857534862014e-01
-7.428323446382201212e-01
-9.206977169495793589e-01
-8.731252002145774016e-01
-8.237296290028437440e-01
-8.051447276838319400e-01
-8.982151135728873026e-01
-7.158124129953928882e-01
-8.565257405440501737e-01
-9.624175915216578447e-01
-8.087559679523000922e-01
-9.403179549910027912e-01
-9.974367091150798670e-01
-9.192565993856399720e-01
-9.370374128329919117e-01
-8.897343393312880933e-01
-8.654526776002211541e-01
-9.973767983333685638e-01
-9.137359123473931533e-01
-9.947418431293193475e-01
-9.090452565991506972e-01
-6.096498924333093594e-01
-9.988101885351285958e-01
-7.559475123105816596e-01
-9.946000068501802405e-01
-9.623618345391166118e-01
-9.887418479188621045e-01
-9.342405125065950111e-01
-9.994365426302631583e-01
-9.056545625285357115e-01
-7.624001307809860073e-01
-9.321097775116238271e-01
-9.660038424965753379e-01
-8.936810346812338324e-01
-5.028685797321470474e-01
-9.626285527864066882e-01
-9.966282202795112566e-01
-8.899478280554190546e-01
-9.999454565126187910e-01
-9.913823748256884727e-01
-9.608330477558753024e-01
-9.015456642734162029e-01
-9.748837269917064452e-01
-8.595045394752161005e-01
-9.518131557427284006e-01
-8.885046351726811897e-01
-9.471279489308699340e-01
-9.461322451821121415e-01
-9.881811290811537418e-01
-9.234001363066545176e-01
-9.894464027131849582e-01
-9.994709675162977147e-01
-9.643801971901108105e-01
-8.977320658144642973e-01
-6.701961639178286578e-01
-9.848274172489402956e-01
-8.519146145764797673e-01
-9.341770183511931558e-01
-9.282513725880485733e-01
-7.237123309151184403e-01
-9.154577601692940325e-01
-9.494946166902814566e-01
-8.202905290365304358e-01
-9.982663670302260872e-01
-7.779481793660618649e-01
-9.214889055955252095e-01
-7.874738292445808696e-01
-7.521532554437309059e-01
-9.959128204050876620e-01
-9.634397874455665756e-01
-9.187523628727309877e-01
-9.418721159869993809e-01
-9.782798082165123921e-01
-8.986761864470549366e-01
-9.955659155520025783e-01
-7.517943523318050270e-01
-9.902178561796671774e-01
-9.632016296741817696e-01
-9.910696111154424504e-01
-7.747769111241733508e-01
-9.656796537925841362e-01
-7.529163376609069314e-01
-9.710499787772887137e-01
-9.597181022645844273e-01
-8.242352890393577214e-01
-9.988401953705419167e-01
-7.936481453408410491e-01
-9.954085662381696453e-01
-9.800821425386863073e-01
-9.658839577595782488e-01
-9.680899840642429588e-01
-9.032126050281735763e-01
-9.593351074285715319e-01
-9.018999522465799279e-01
-9.676556877496469422e-01
-9.628521558723031060e-01
-9.919006020218841257e-01
-8.175579675540001201e-01
-5.414549975933540260e-01
-8.478599151983653437e-01
-9.236101648101554540e-01
-8.370709562538389825e-01
-9.877655756098903117e-01
-9.084242568312346222e-01
-9.993414551057460127e-01
-9.999873179200466922e-01
-9.043579814088140711e-01
-6.772374423316754877e-01
-9.895254914442072058e-01
-7.098522036951904202e-01
-9.747677292527019421e-01
-7.861896828531736992e-01
-9.430264168924280543e-01
-9.540103484139500489e-01
-9.978645078877429464e-01
-9.794405531059273695e-01
-9.835367166411064233e-01
-8.401218303839329549e-01
-9.045225573987896173e-01
-8.005602455157060371e-01
-9.993086345785793245e-01
-9.556370303599197591e-01
-9.793666747162368402e-01
-9.948239017735625023e-01
-9.831357847745021417e-01
-7.045760484885006392e-01
-9.269908288692869647e-01
-9.404252120032553508e-01
-9.977590405893076442e-01
-9.761228634882405109e-01
-8.643400472186113515e-01
-9.289426295679987788e-01
-7.783688827753231232e-01
-7.953208046903765815e-01
-8.922348570579123894e-01
-9.005542785041601439e-01
-8.011229579685613666e-01
-9.903429469750244518e-01
-9.952661032095663218e-01
-9.395672599076109188e-01
-9.993213448571346413e-01
-9.442388408189873461e-01
-9.741200657502641080e-01
-8.951154931761338140e-01
-9.971155624777604531e-01
-9.750415440609777606e-01
-8.426511866055806932e-01
-8.511251688926894099e-01
-9.246854637856170012e-01
-8.952337882647741774e-01
-9.999852823114420142e-01
-9.613957542561929470e-01
-9.960003275630449071e-01
-7.994745311792685882e-01
-6.779031207185952645e-01
-9.559163094140590289e-01
-9.904463885050912575e-01
-9.077449382636637587e-01
-9.850300796099334955e-01
-9.198353765583944242e-01
-8.448120149247853039e-01
-9.063504139805629300e-01
-8.131332981714205488e-01
-7.156654339381267604e-01
-9.337990432044693812e-01
-8.766191649771312155e-01
-9.287718773432692698e-01
-7.290947412954841278e-01
-9.146653836140273830e-01
-9.393956054487193619e-01
-9.941045407028803460e-01
-9.871769925034110660e-01
-9.253907493112208948e-01
-9.883648015475251514e-01
-9.559794744848126857e-01
-8.469305207061412766e-01
-9.998819244114792726e-01
-8.492776018540404426e-01
-9.726629501807865230e-01
-9.720057101403571931e-01
-6.664840338337949532e-01
-9.032295921755297829e-01
-9.783188528359271219e-01
-9.952500664703995970e-01
-9.753276812881117586e-01
-9.984524324347378021e-01
-8.837048586126063920e-01
-8.049251906358861897e-01
-9.631576405731663293e-01
-9.512474228075842309e-01
-9.773983138533837156e-01
-9.312624988767408407e-01
-9.987550184028332056e-01
-9.729478946700115261e-01
-9.502352140614397369e-01
-9.974057299559346834e-01
-8.975556214599196281e-01
-9.471467205705161874e-01
-8.248757436483009631e-01
-9.667408940593169575e-01
-8.419093874386763821e-01
-9.998914458220098389e-01
-9.994771095233880853e-01
-8.149678069782029244e-01
-9.924181548026075328e-01
-7.895381849192004697e-01
-9.486627245032052125e-01
-9.221156420439455825e-01
-9.802600364437982217e-01
-8.711593907224269850e-01
-9.671186413747812072e-01
-9.594058600117407742e-01
-6.272513439490337017e-01
-8.972692761515845827e-01
-8.170771708394608535e-01
-9.193450929116999681e-01
-7.751908927541395489e-01
-9.332202142452986626e-01
-9.319124937584944979e-01
-9.276652362998554224e-01
-7.995914108090255157e-01
-9.867001336738138173e-01
-8.567124540652655273e-01
-9.849810260121855121e-01
-9.524779407769329298e-01
-9.078746065430745027e-01
-6.746298622533992706e-01
-9.717934514701810356e-01
-8.905504175974661152e-01
-7.376515727726229432e-01
-9.954589811074064931e-01
-8.759969396096818350e-01
-9.432351337529936153e-01
-8.321591980785977283e-01
-9.454784420644095633e-01
-7.939004811226969549e-01
-9.937014285059355689e-01
-9.998828458181452383e-01
-8.686714086946654145e-01
-8.788394319002776900e-01
-7.947104733110802455e-01
-8.768345538804421802e-01
-7.463651078728512633e-01
-9.922379062875231748e-01
-8.737009693142264721e-01
-8.997044383476423546e-01
-9.686618459625748745e-01
-9.444123213724749943e-01
-9.965229288593910884e-01
-9.118395999751491843e-01
-9.780780917490516924e-01
-7.811653504321088848e-01
-9.111690810199860602e-01
-7.898666760034984691e-01
-9.508246187012847628e-01
-8.264174654883646998e-01
-9.982401158323918056e-01
-7.627762813621623561e-01
-8.275526577689956698e-01
-9.182050151153970940e-01
-8.074547005121225363e-01
-8.931377242020259732e-01
-7.525544712171486905e-01
-9.727845167800864834e-01
-9.741192645490552859e-01
-9.532369817143363511e-01
-9.347162150107185541e-01
-6.176478429462076702e-01
-8.954500158730874793e-01
-8.495080680908808635e-01
-9.881663897071910618e-01
-8.737763711184355353e-01
-9.281380601040435385e-01
-9.766463487770730145e-01
-9.965006333788236637e-01
-9.016368615445232715e-01
-9.909712944666965173e-01
-9.980421740594805913e-01
-8.851190430831227252e-01
-8.031073231060233963e-01
-8.138986423751066734e-01
-9.890353670267878483e-01
-9.835482095802440261e-01
-8.074073463117548144e-01
-8.636822927250293880e-01
-6.600653791570143536e-01
-7.609447573669505527e-01
-9.597697085977228149e-01
-9.960077395900154285e-01
-9.457470984754339227e-01
-8.674769098617013396e-01
-9.061400943106722172e-01
-9.859725407896881011e-01
-6.347805837353599490e-01
-9.540148110471535770e-01
-9.618436549004568681e-01
-9.633717758164761502e-01
-8.709438301216518852e-01
-7.121321412211162327e-01
-9.998681275476792862e-01
-9.991616922605488504e-01
-9.989546501352956076e-01
-9.873505509097033617e-01
-8.974375228018712791e-01
-9.164854719461050792e-01
-9.375438566100123827e-01
-9.793943667487277072e-01
-7.488688566394551271e-01
-7.505794441667903438e-01
-9.860208843079959484e-01
-9.998936072619521997e-01
-9.771207654845646129e-01
-9.953381632607875007e-01
-9.714567891984424719e-01
-9.969127358013462059e-01
-9.390938629144091054e-01
-9.158184367804006465e-01
-9.482992156636467218e-01
-8.358132102584860945e-01
-9.057244149223040441e-01
-9.999348440537906280e-01
-9.750949064207965478e-01
-9.006177280774108063e-01
-9.999287522764318537e-01
-9.992982124392306709e-01
-7.960738041529467068e-01
-9.981446689054305210e-01
-9.770092569608183064e-01
-8.428670495184675815e-01
-9.547126649139605625e-01
-9.511219618248411001e-01
-9.597149554395174587e-01
-9.396517379348605647e-01
-9.655048746564586226e-01
-9.947744694620855865e-01
-9.985941509332151300e-01
-9.934828787934952832e-01
-9.994560550342806993e-01
-9.855991559829158088e-01
-9.120995119234198700e-01
-6.856978150155066398e-01
-9.774821975363482407e-01
-9.901744867542234818e-01
-7.700603442089245521e-01
-9.725233010326731486e-01
-8.195968813486297355e-01
-7.980774990819524684e-01
-8.960190196639101767e-01
-7.138333366157367799e-01
-8.925879580593175655e-01
-9.509155736722996188e-01
-9.106757302230831241e-01
-8.680248434041595296e-01
-9.589668010683662924e-01
-9.890989827577553184e-01
-8.726432290151446836e-01
-8.964206626044333159e-01
-8.851728254841920718e-01
-9.310292349886628571e-01
-9.995678052793304236e-01
-9.889453206289652298e-01
-7.586642364240361314e-01
-9.985486002989141241e-01
-9.697739937730767146e-01
-9.990886902295837979e-01
-9.314650594394504601e-01
-9.212024003778669368e-01
-9.667152657726078013e-01
-9.443724146854429735e-01
-8.820366404132342630e-01
-8.864530697463780529e-01
-9.583498448232667943e-01
-9.649856048906166883e-01
-9.382585162422907299e-01
-9.723609758875373377e-01
-9.789214272820744300e-01
-9.734017080988756065e-01
-9.982801988329667031e-01
-9.004539683667732719e-01
-6.260772510296885862e-01
-9.257838459797451680e-01
-9.434797730480612987e-01
-9.767685604505326191e-01
-7.261930932601969868e-01
-9.900671978800990036e-01
-8.134826410991670143e-01
-8.242599096437186468e-01
-9.051229478508587833e-01
-8.915192385901538064e-01
-9.794936989172693398e-01
-9.290887311916720126e-01
-9.970365479125588015e-01
-9.297369539471005417e-01
-9.326188275035622866e-01
-9.894663297439173499e-01
-6.374688906816008416e-01
-9.674118788130634528e-01
-7.370978549375239997e-01
-9.995270605833348476e-01
-9.913832911386689650e-01
-8.630214929200000773e-01
-9.948569751225406765e-01
-7.220031201431273971e-01
-8.792257303209802810e-01
-6.403378623994691043e-01
-9.684585435512659268e-01
-9.954567879243414463e-01
-6.866372624413912273e-01
-9.913369989342756261e-01
-9.536085954915756169e-01
-9.021352133187563460e-01
-9.785485092542265395e-01
-9.956845767841274730e-01
-9.998631451869084419e-01
-8.211298713106707226e-01
-9.989285778116668846e-01
-9.613071001325310672e-01
-8.593998320656095480e-01
-9.662649819822963781e-01
-8.613764513839962111e-01
-7.966930101198166359e-01
-9.005635700818112044e-01
-9.389350690850430947e-01
-8.233384906367645639e-01
-9.689961114703156131e-01
-9.431562751134582312e-01
-9.352459747264518786e-01
-9.993542211383945606e-01
-9.620562673463772807e-01
-9.838809642553725254e-01
-9.199930859652892812e-01
-8.540856779297706369e-01
-8.729932064179510842e-01
-9.844293427005449404e-01
-9.673290628975474981e-01
-8.184549543154302498e-01
-7.638646533775881320e-01
-9.530530787117635905e-01
-9.856609495851480496e-01
-8.659534328175924056e-01
-8.427890842214712519e-01
-7.384844618843695585e-01
-8.110425961645868487e-01
-7.449526690839369802e-01
-9.895501489645791571e-01
-9.819825359565420575e-01
-9.180183735075592155e-01
-9.552259598856924772e-01
-9.969931095412554178e-01
-9.940205950288246717e-01
-9.985425352712727909e-01
-9.563021532212584441e-01
-9.605703150825386505e-01
-9.642867449897092325e-01
-9.979614983621453161e-01
-8.375979991333699637e-01
-8.267132338546037129e-01
-9.606721681645284949e-01
-9.657517904137907783e-01
-8.548779444124614546e-01
-7.937365854419367039e-01
-6.090655685590964374e-01
-8.760749526246275343e-01
-9.834033774202068923e-01
-8.953757660085320813e-01
-8.955996898088250946e-01
-9.909547515216078351e-01
-9.037536969780048945e-01
-2.891920677030134779e-01
-9.555463137028386011e-01
-9.003325069449296114e-01
-9.882224719305285898e-01
-8.669575963999720525e-01
-9.023456982731886677e-01
-9.797642417933059011e-01
-9.946189188098477629e-01
-9.996825900272404697e-01
-9.839873234063987173e-01
-8.791990607011277437e-01
-9.793357225244010422e-01
-9.358068914830663942e-01
-9.751866145493400806e-01
-9.970456535544972576e-01
-9.119504418702345516e-01
-9.455195840253431960e-01
-8.518629186070703074e-01
-9.469247585366924458e-01
-8.417590421561625957e-01
-9.362445018228892080e-01
-8.654318551550349570e-01
-9.975637451296409663e-01
-9.750287505344027439e-01
-9.895262547512447826e-01
-9.760422747053610903e-01
-9.358518586078787838e-01
-9.926382700509785995e-01
-9.974310531458352447e-01
-9.978700815953175374e-01
-9.186377877100625478e-01
-6.538149200291516472e-01
-9.666199377906944390e-01
-8.329453547216842946e-01
-9.167599903204767253e-01
-9.464689488878408330e-01
-9.185180920597724175e-01
-9.598158000685823588e-01
-9.977043798863906021e-01
-9.859702680894621984e-01
-8.936138826673486468e-01
-7.377391231844825370e-01
-8.493595738057633238e-01
-9.966082307521514361e-01
-9.049706752122044229e-01
-9.928639423121344842e-01
-9.147706550858452079e-01
-9.923158002542677991e-01
-9.822690784229934913e-01
-8.878654636841168957e-01
-8.950415976449781486e-01
-9.940958551228735729e-01
-9.644863516233562750e-01
-9.507509655417700767e-01
-8.907753660162177622e-01
-9.064652841530008720e-01
-8.845867411016153925e-01
-8.111320627251802362e-01
-9.882948264931364912e-01
-9.714847778720568927e-01
-8.244280839494149138e-01
-9.940479998470106437e-01
-8.785316297218318526e-01
-9.807191951415965558e-01
-9.356089858296566808e-01
-9.892676571202170255e-01
-9.508735444253296754e-01
-9.784119983301949874e-01
-7.867589464086897078e-01
-9.268905585227292798e-01
-8.780951026503592827e-01
-9.449275084802448710e-01
-8.931201207803012299e-01
-8.952974899964571964e-01
-9.955528650731466644e-01
-9.129713058681403481e-01
-8.018738404419505361e-01
-7.385769840682379073e-01
-9.328788493373207924e-01
-8.612359522768109343e-01
-9.688363574117958565e-01
-9.753687918976234883e-01
-9.847998933550741185e-01
-9.766070359765919306e-01
-9.727833416294988655e-01
-9.824278883596927470e-01
-9.248747211184672468e-01
-9.294399112952708153e-01
-9.997564644335995565e-01
-9.973767257275902853e-01
-9.964410956144278408e-01
-8.947791726729906747e-01
-9.876004335664221312e-01
-9.861610687751771742e-01
-5.731386396101935121e-01
-9.949413931624232488e-01
-9.393232490178883287e-01
-9.947117079648807314e-01
-9.945370725461174510e-01
-7.877583211197840551e-01
-9.408453521954245335e-01
-9.974520777913169489e-01
-9.730914831477193161e-01
-9.445187314633326503e-01
-9.852366008270027065e-01
-8.305323702338751612e-01
-9.353670436977982172e-01
-9.131788666413377387e-01
-9.415976190854018490e-01
-9.819765762283189092e-01
-8.653932389694325433e-01
-7.237503301646778242e-01
-5.988549544333603425e-01
-9.997653965279776900e-01
-8.718291547880834269e-01
-9.667493881576444403e-01
-9.872705501536606087e-01
-8.376705497432197500e-01
-7.136293837217694280e-01
-9.737551384082062667e-01
-8.211773184663805347e-01
-8.120831597088234988e-01
-9.839679867286637016e-01
-8.951994537733916069e-01
-9.927550137150832343e-01
-8.921290578962706164e-01
-7.579882231897101530e-01
-8.459983093893967965e-01
-8.871912080765036457e-01
-9.995555220882937908e-01
-8.923617741250854385e-01
-9.338731110055965567e-01
-8.015481778330211249e-01
-9.328312522958868147e-01
-9.312400420194504314e-01
-9.006145741531351723e-01
-9.329137582241489035e-01
-9.026712587866396742e-01
-9.995080934558940866e-01
-9.874478522163044891e-01
-9.911305853658065601e-01
-9.991500755505232645e-01
-9.997425831134467700e-01
-9.723998551381701771e-01
-9.907648614403586906e-01
-9.689467153005061339e-01
-9.527944281238752700e-01
-9.788458993455022572e-01
-7.099653613271675878e-01
-9.940998481442999690e-01
-9.424383787385365308e-01
-7.114700818999619703e-01
-9.806944077620490807e-01
-8.082425048318787608e-01
-9.509226645658397370e-01
-9.999051009625735675e-01
-8.583040139153800263e-01
-9.237238918208194871e-01
-9.646141482558109326e-01
-9.987416358454580534e-01
-9.080681965545608358e-01
-9.476938745060413671e-01
-8.274415829853634108e-01
-9.266392882868043079e-01
-9.169738533208894316e-01
-8.092730722638318275e-01
-6.419231520280070935e-01
-9.557505626787574649e-01
-8.636118830600637564e-01
-8.730539829516075212e-01
-8.813120502878919460e-01
-9.458904971773423043e-01
-8.472905538686238414e-01
-8.385825434769291764e-01
-9.855666402857747865e-01
-9.503177567656689861e-01
-9.280657328600969702e-01
-9.887095059270922803e-01
-7.716151078976793976e-01
-8.422604839578515801e-01
-8.910700209279778239e-01
-9.782525167743120198e-01
-9.789637361996309517e-01
-9.643752604729810551e-01
-9.460202350475053201e-01
-9.970149678150791450e-01
-6.253072238609436173e-01
-7.840543627017517725e-01
-7.896902867898774048e-01
-8.936602362073947647e-01
-8.420397076230888844e-01
-9.567941746587385055e-01
-9.823681028437779572e-01
-8.747991149154041857e-01
-9.898789550508892976e-01
-9.830479237340571386e-01
-9.588222659894561906e-01
-7.375150372422768497e-01
-9.728251765043510746e-01
-9.898458717764089254e-01
-8.352404522199585735e-01
-9.678623266234961386e-01
-9.698699767912872804e-01
-9.583085506558863820e-01
-8.107855601593079165e-01
-9.944277088053569136e-01
-8.027177308916222387e-01
-9.594495550025912145e-01
-6.035792789145210113e-01
-9.853505551422228059e-01
-8.868689344877268566e-01
-9.033988394184446769e-01
-9.463205413733227767e-01
-8.043621301373597987e-01
-9.107565054324900933e-01
-9.622372299619849079e-01
-8.693783680582595208e-01
-6.939211123066555409e-01
-8.759224245281759247e-01
-9.851476130452453406e-01
-8.174301969057334860e-01
-9.811843457565815330e-01
-9.943272741747467558e-01
-8.552920651738102897e-01
-9.909907144775343957e-01
-9.496920065449414583e-01
-9.994508525640941610e-01
-9.834726930918270549e-01
-8.732959089932657015e-01
-9.938982390198501937e-01
-6.866088196828954437e-01
-9.470832455519305748e-01
-9.024258791826916815e-01
-8.461166004867913815e-01
-9.568282915535240019e-01
-9.977270706096835751e-01
-9.545547441438492209e-01
-7.644789601157756520e-01
-8.572024968854538018e-01
-8.843365759551857774e-01
-8.225134479997897596e-01
-9.403291680093240901e-01
-9.690545118082756204e-01
-8.550902093956715966e-01
-9.656451525888832821e-01
-9.112395486536761791e-01
-9.334134194898084935e-01
-9.666930384497794959e-01
-9.922527805715826155e-01
-8.680932261613605316e-01
-9.990867471583407822e-01
-9.077146426689988168e-01
-9.919063265138367003e-01
-9.350476708964741146e-01
-7.123154180722431894e-01
-9.480406640488525660e-01
-8.346773016680448798e-01
-9.882471629950767555e-01
-9.365382101236836565e-01
-9.930575466536841756e-01
-6.064950564057576265e-01
-9.041370695714432415e-01
-9.930342723785547943e-01
-9.762039142479648213e-01
-9.992950329809864307e-01
-9.490660777269599446e-01
-9.997084263208093624e-01
-9.447790030931459970e-01
-9.380878163535851799e-01
-7.365899921091818570e-01
-9.947881557779693074e-01
-9.537288027411121583e-01
-9.042834755020672244e-01
-9.773351470461534296e-01
-7.591261731078272623e-01
-9.965959851505955536e-01
-7.533991868662061053e-01
-8.773141704165893229e-01
-9.489712689390873424e-01
-9.604763111703412681e-01
-9.994022011456158427e-01
-9.875023953703633284e-01
-9.938589466722186350e-01
-9.259081570079221724e-01
-6.149096848637523038e-01
-9.417572849301584226e-01
-7.635229980070998845e-01
-8.077768973921258810e-01
-9.746171619863758240e-01
-9.957673221453534618e-01
-9.819410388471764284e-01
-9.312240081142841852e-01
-9.446840689181642547e-01
-7.443832923129729551e-01
-7.164894945511031121e-01
-8.995912110313901699e-01
-8.411245265607270039e-01
-9.874259373001252893e-01
-9.846420827178791191e-01
-8.115336374395905050e-01
-9.820071115363234737e-01
-7.337533684507763221e-01
-8.418564468888365404e-01
-9.212494633832492008e-01
-9.497320468050262088e-01
-9.709807472949317786e-01
-8.662236352327151723e-01
-8.711706476017376799e-01
-9.949608608064232085e-01
-9.667389827747746578e-01
-9.756975734361390540e-01
-9.838501118306653970e-01
-9.999158833213830366e-01
-6.732324842266212972e-01
-9.999220635419574510e-01
-9.722815546837052514e-01
-9.999750173557958588e-01
-7.465959162704082219e-01
-7.821638949274916097e-01
-9.884560507377337935e-01
-9.949360631977380853e-01
-8.163072644162909786e-01
-6.971298175970812583e-01
-8.615529575564490061e-01
-9.939072683430794086e-01
-9.540498855417435253e-01
-9.847676408564383088e-01
-9.386108674821127540e-01
-9.501350442514564509e-01
-9.288429098492626546e-01
-9.769806200414723474e-01
-8.948309014311972565e-01
-9.999064176924488123e-01
-6.919079991627629100e-01
-9.540130434343879751e-01
-9.555003259057325282e-01
-7.965218806158582687e-01
-9.529843327210543169e-01
-9.958292319295805051e-01
-9.349292354345818401e-01
-9.047596566865047096e-01
-7.933874738354010914e-01
-8.951412843968870048e-01
-9.997008055154077422e-01
-9.759766078129022970e-01
-9.690641456537826270e-01
-9.996178321663508060e-01
-8.896957968807942541e-01
-9.966988331088233455e-01
-9.955495308088965212e-01
-9.710695720415972731e-01
-8.880006223956106171e-01
-9.995265062922632504e-01
-9.579184992527367548e-01
-8.731006953206030818e-01
-8.926710829895587729e-01
-9.718290258861034259e-01
-9.057514505156902818e-01
-9.864206746967436601e-01
-9.991782150174134403e-01
-9.906686523753064355e-01
-9.113956075130608125e-01
-9.954245560728920417e-01
-9.223409617102944491e-01
-9.174191730703668002e-01
-9.999834557474187591e-01
-9.524044148065847759e-01
-9.689496501945803475e-01
-8.479891691289113131e-01
-9.993988831720003185e-01
-9.929213461352804915e-01
-5.113328896793193357e-01
-8.706650700921523267e-01
-6.851246657500255077e-01
-9.998965224114197969e-01
-8.027675109731198244e-01
-9.996577192635661691e-01
-9.596038897885341701e-01
-9.001641615050335332e-01
-8.182604486333486804e-01
-9.743695805602782256e-01
-9.501408194794875861e-01
-8.487979589530070257e-01
-8.826916596168352669e-01
-8.421329165713357101e-01
-6.970839689603354206e-01
-9.855081204937308215e-01
-9.468394293817552487e-01
-9.989940990357550898e-01
-8.162439422320912907e-01
-9.512341443309719757e-01
-9.918231161980430866e-01
-9.213558444366997113e-01
-9.180204303344063899e-01
-9.268097493094240580e-01
-9.952057499133868390e-01
-9.445859802213655287e-01
-9.361648889366755988e-01
-9.787724394476815526e-01
-9.267692774050656501e-01
-9.138084845113576549e-01
-9.896644522027141511e-01
-9.752365831158347209e-01
-9.377042016787692225e-01
-9.066027634549105318e-01
-9.656028881211029535e-01
-8.796119792887332478e-01
-8.983918528343842747e-01
-7.592837827551796037e-01
-9.677791967263014161e-01
-9.681282298314174417e-01
-9.479259324759879979e-01
-9.972485227848352229e-01
-6.789105124160613736e-01
-9.271641312399649948e-01
-9.568368350168571235e-01
-8.650260622294503321e-01
-8.607753885215558842e-01
-9.695711880537251082e-01
-9.997645073247460878e-01
-9.503649378252706503e-01
-9.856068207038949369e-01
-9.653162662979969388e-01
-6.682185293997743303e-01
-9.901148673252343491e-01
-9.362417615027207596e-01
-9.350594748596834371e-01
-6.690487066036421293e-01
-8.988269842855312053e-01
-7.910981909703995729e-01
-9.519952390398177533e-01
-9.259871733089304335e-01
-9.969634862086106386e-01
-9.568005534100871845e-01
-9.802544054257670281e-01
-9.999461974691504773e-01
-8.774269593923902377e-01
-9.665603854993447541e-01
-9.837815097017913457e-01
-9.977518018491317031e-01
-9.557711866272652346e-01
-7.554444149411061460e-01
-9.425784568652245676e-01
-9.728479848047026923e-01
-9.858999808260631159e-01
-9.871108590211189471e-01
-9.999851791765154152e-01
-9.382395923153277195e-01
-9.321561582248204525e-01
-9.764873364328957583e-01
-9.770867013542267054e-01
-5.749751119479129535e-01
-9.977348019842131599e-01
-8.774908047155374202e-01
-9.210722992258213448e-01
-8.621118016546296392e-01
-9.986875699245146842e-01
-9.724974949519655798e-01
-8.958239367947247178e-01
-9.757800986874145543e-01
-9.316252449413060521e-01
-9.999575006364447294e-01
-9.960114320035211577e-01
-9.986669620044581475e-01
-8.831164231389463382e-01
-9.624274086151740626e-01
-9.308596708450297408e-01
-9.094630868131671209e-01
-9.703935995589857422e-01
-9.384593813453406819e-01
-9.735285381781793035e-01
-9.493244276913455071e-01
-9.999511561221509082e-01
-8.867269410564766474e-01
-9.999928699581666081e-01
-8.885288604533769785e-01
-9.978899410127231029e-01
-8.207021756179250227e-01
-8.029881830042124857e-01
-8.710051399589131549e-01
-9.972710847277637125e-01
-9.887567042603601086e-01
-8.104563353565940043e-01
-9.205847320961806357e-01
-9.804938783928655033e-01
-9.783382128294116908e-01
-9.997587758118393619e-01
-9.073362182041984081e-01
-9.748944006761808279e-01
-9.741118500564052152e-01
-8.638079735136248161e-01
-9.189542401139670913e-01
-8.544348106174172175e-01
-9.919802619680726519e-01
-9.761277818646689752e-01
-8.609732440399915365e-01
-9.992642262393302000e-01
-9.446250595856006127e-01
-9.987109395771005538e-01
-8.607510760553812590e-01
-8.741149677209061331e-01
-9.246041296190271597e-01
-6.338217103602492575e-01
-9.924335575349828575e-01
-9.157292364749771707e-01
-8.445454316023086605e-01
-9.943638121673055164e-01
-8.994666482686378695e-01
-9.937444243851789594e-01
-7.687592196185280002e-01
-9.212113656222755687e-01
-9.998969139101188119e-01
-7.289902734823410224e-01
-9.300111545703513283e-01
-5.311428133773051785e-01
-9.988191720596785173e-01
-9.977257050831198626e-01
-9.622410364775070279e-01
-9.984822565330477850e-01
-9.783172534856341418e-01
-9.314052877502738692e-01
-9.982433614243544362e-01
-9.978879073812769729e-01
-8.645047052437048185e-01
-9.070823567025845247e-01
-5.157615487789501962e-01
-9.187281445235448984e-01
-9.645560898770305647e-01
-8.661771994387027496e-01
-8.670482570907666053e-01
-9.244273778574167988e-01
-9.426525892917458904e-01
-9.931818901515175879e-01
-9.791274984255934344e-01
-9.947980607849987722e-01
-9.440831837232321888e-01
-9.986479043753035967e-01
-6.846070700360896710e-01
-9.405356554667458902e-01
-9.460516172794932732e-01
-9.846131821262269490e-01
-8.964179477491319714e-01
-9.550598019815799145e-01
-8.612594171198848514e-01
-8.775729456951065766e-01
-9.998073881423537035e-01
-9.998323469443748390e-01
-9.832929369200695824e-01
-8.799752061977087481e-01
-8.864622778517140533e-01
-8.405380283813604914e-01
-9.186662780663935601e-01
-7.950284791102197879e-01
-8.963735268185745175e-01
-8.857098723132614815e-01
-9.859098744502069467e-01
-9.917150684812543471e-01
-9.938978401885946168e-01
-8.990459688739612654e-01
-9.997974666330108340e-01
-9.724558745743121513e-01
-7.863239315739216639e-01
-8.968115251176187463e-01
-7.557698321392071206e-01
-9.572554050314802110e-01
-6.954946863566973114e-01
-9.993695683858072609e-01
-8.345561151791869303e-01
-9.119659133603851275e-01
-8.665720458745468369e-01
-9.082801493020749017e-01
-8.244516558697700948e-01
-9.702512387908788227e-01
-9.919786863758205397e-01
-9.607858151667642010e-01
-8.848310932783988170e-01
-9.954515145943078069e-01
-7.436433650597968903e-01
-8.541617965616101760e-01
-8.847047132274367121e-01
-7.752818892427596476e-01
-9.327942658416208399e-01
-9.999510864885500228e-01
-9.863831171096876238e-01
-9.696653612694602353e-01
-9.489742314570269732e-01
-9.183929780609956239e-01
-8.714438702038618256e-01
-9.925014710601226531e-01
-7.311092519327073713e-01
-9.820638626977103991e-01
-8.153111188250194985e-01
-9.979214762032537767e-01
-9.924349490982259381e-01
-8.361364498566781212e-01
-7.644915989583389582e-01
-8.574117052468641642e-01
-9.897725453074041058e-01
-9.009485411605440142e-01
-9.047038726424562194e-01
-9.870172098972495034e-01
-8.952233209352966625e-01
-9.999306361045601221e-01
-9.972679161413018356e-01
-6.780210050700886670e-01
-9.532928291838731472e-01
-7.081245381114694704e-01
-9.180997162458842675e-01
-8.230227964321842338e-01
-9.982268942807484002e-01
-9.033445254864057583e-01
-9.717419183363338320e-01
-8.580209557907091389e-01
-8.018818669417453471e-01
-8.643597609361171052e-01
-8.770879730976496313e-01
-9.952148035846511975e-01
-8.011398403962997072e-01
-8.243563266938500611e-01
-9.908298457565785089e-01
-9.999718901632507206e-01
-9.806931306696267114e-01
-8.433057422075884713e-01
-6.246900405130246803e-01
-8.670962993710484845e-01
-8.888983029043119322e-01
-8.856822368811323454e-01
-8.410871425976840232e-01
-9.999562596938763592e-01
-9.201472058333337589e-01
-9.781864209741326643e-01
-9.987391420912589135e-01
-9.952026551996161485e-01
-9.316192809344957526e-01
-9.734342788726793039e-01
-6.377388042084929376e-01
-9.980381170840385563e-01
-9.638813368302860951e-01
-6.751076018828982006e-01
-8.835438028830862045e-01
-9.287311137220548574e-01
-8.344904771038832436e-01
-9.505921782323988323e-01
-9.941881591360951509e-01
-8.979524002262874172e-01
-9.707141597932927857e-01
-9.761295956306696997e-01
-9.745743073748420748e-01
-9.625414188254340919e-01
-9.992693413661314361e-01
-6.237854840857782746e-01
-9.694578426096815971e-01
-9.972549246682231860e-01
-9.589854051777049193e-01
-8.175484944618311989e-01
-9.848999744467940021e-01
-9.938321792527461396e-01
-8.746953546049084371e-01
-7.673878927416389883e-01
-9.820133088504269248e-01
-9.106184906632492915e-01
-8.394774318017169668e-01
-9.746735950049001396e-01
-9.951122233281395335e-01
-9.118589877583206382e-01
-9.904749167238272589e-01
-9.589544679021160256e-01
-8.357731836972484007e-01
-7.970959107181233572e-01
-9.289467633434718152e-01
-9.980259118829147846e-01
-9.904064595086572442e-01
-9.965224314657755711e-01
-9.602401002669033181e-01
-9.959783630841630986e-01
-8.227712598197938210e-01
-9.915965196249987290e-01
-8.105321916754427702e-01
-9.357259855949122684e-01
-8.243903007328913235e-01
-9.977278558115554308e-01
-9.705451364740705911e-01
-8.647398390122487122e-01
-9.954819382347022128e-01
-9.054347575139477522e-01
-8.621604473739811203e-01
-9.299304050194775462e-01
-9.326992670411757835e-01
-8.584788591279802761e-01
-7.752239276443935179e-01
-9.629224505025367753e-01
-8.995875743650239009e-01
-9.079515101738234728e-01
-9.610218005255904972e-01
-8.052489125548983884e-01
-9.802776111847839591e-01
-7.521752874373082154e-01
-9.208182697615525658e-01
-9.821853651424615750e-01
-9.053297467535675880e-01
-7.859808723982173451e-01
-8.009758664578294773e-01
-7.651992476078758321e-01
-8.755444411250167258e-01
-9.407158467419911574e-01
-8.711408783862467642e-01
-9.982608292860131183e-01
-8.389785671974990811e-01
-9.408221762672409616e-01
-8.334138248580135189e-01
-9.890723148373062878e-01
-9.858063593556194437e-01
-9.458878360318095924e-01
-6.855569078268259897e-01
-8.977124684516344377e-01
-9.044637605304104433e-01
-6.747488026917329851e-01
-9.736674237727458436e-01
-9.233157410138665977e-01
-9.226305833745265250e-01
-9.942911358525089449e-01
-9.998583888621148663e-01
-5.778196064095151296e-01
-9.977934147012129662e-01
-9.991052342563577771e-01
-7.914237881360872695e-01
-7.834734340787975482e-01
-9.367352635279589945e-01
-7.841338481571802355e-01
-9.931655716709414383e-01
-9.737250213735666460e-01
-9.917874885082385017e-01
-9.035114192309514625e-01
-8.957502489800215351e-01
-9.999620570409352149e-01
-7.609949183170670040e-01
-9.074518138900420361e-01
-8.858717946549894418e-01
-6.690346882071183110e-01
-9.881978606946424382e-01
-6.900418492082613930e-01
-9.517495578288601710e-01
-9.962177579214345213e-01
-7.567546312914098516e-01
-8.807975498186457752e-01
-9.910302989895715120e-01
-9.232434294844286127e-01
-9.167691547592196066e-01
-9.739979819520598880e-01
-8.808236649768242943e-01
-8.903224240299916215e-01
-9.997300394926306177e-01
-9.883050223893183883e-01
-9.783592271209312630e-01
-9.816992742855233933e-01
-7.125412398354646903e-01
-8.153967123644197956e-01
-9.892354315598872461e-01
-8.350786231793094760e-01
-7.341262158257793047e-01
-8.852361655689909847e-01
-8.732603911802008234e-01
-8.225479916790425783e-01
-7.999725047426312630e-01
-7.634826572288632152e-01
-7.834218902734280121e-01
-6.464645745369634877e-01
-9.944612034668695033e-01
-7.849493429055980354e-01
-9.307388711296340489e-01
-9.472191145371148258e-01
-9.973199977085217549e-01
-9.581900963599765397e-01
-8.943521837421491982e-01
-9.557100469425811040e-01
-9.428997867013311218e-01
-9.306618055706872283e-01
-8.858460819634965677e-01
-8.933742672499216386e-01
-9.989361352092394064e-01
-9.413892273162504098e-01
-8.649823053826920516e-01
-9.971433312340203248e-01
-8.322233318737184415e-01
-9.773103386785979563e-01
-9.282538252839591664e-01
-8.562899260956166048e-01
-9.920002356942008159e-01
-7.844561742051183728e-01
-9.199523607752263521e-01
-9.990191382924884511e-01
-9.911027943470963608e-01
-9.983462456670237906e-01
-9.412547975112104393e-01
-9.951413556443206021e-01
-7.669220093851176756e-01
-8.295997972348507776e-01
-9.750709702493892683e-01
-9.052521892605646103e-01
-9.969094588654491274e-01
-9.647755463822466071e-01
-8.667837269320785021e-01
-9.968094471392789924e-01
-8.085393979080819360e-01
-9.251973140806426521e-01
-9.493874115096844202e-01
-9.147475782514240539e-01
-9.105419525233998668e-01
-9.986835261204914937e-01
-8.091862140238574863e-01
-9.745935354597531353e-01
-8.158244593229008190e-01
-9.514037626165942063e-01
-9.976052443685913262e-01
-7.784578449389720767e-01
-7.353482796546327860e-01
-6.054991276906018793e-01
-8.711080566578663920e-01
-8.248332600714243235e-01
-9.864765542271752841e-01
-9.862350880005379405e-01
-9.338168105596628132e-01
-9.995220009555054741e-01
-8.178514469952834487e-01
-9.977817876432992783e-01
-9.966868254133832705e-01
-7.257755907803823403e-01
-8.224210287027750033e-01
-9.849492926992878816e-01
-9.869069395157692437e-01
-9.764897454044273450e-01
-9.845242924506272253e-01
-9.893905374510546524e-01
-8.899503550547224195e-01
-9.319594774443618057e-01
-8.330516463275436934e-01
-9.961281787665416942e-01
-9.877719983996181563e-01
-9.930659810610996674e-01
-9.636618563155840977e-01
-9.840427873004200521e-01
-9.647205752995534622e-01
-9.960955502490810298e-01
-9.576030837303165510e-01
-8.710863261205370467e-01
-9.754528953119716572e-01
-9.717300655134497589e-01
-8.567876023947359476e-01
-9.817537317598142854e-01
-8.755522083529406752e-01
-9.765631981695394037e-01
-6.601177598162444315e-01
-9.407982948744624263e-01
-9.347240731297292715e-01
-9.510038548141290793e-01
-9.959971867246879551e-01
-9.018027420164668184e-01
-6.141108913487367538e-01
-9.153861381637815597e-01
-8.516104374170205826e-01
-8.971204656899369745e-01
-9.976017804552870238e-01
-9.287145874000470869e-01
-9.530953297370414745e-01
-9.030110868630881749e-01
-9.975514269837905124e-01
-7.781496867947129692e-01
-8.704528010625258716e-01
-9.169167690732836773e-01
-8.266248137632170589e-01
-8.782121795565484002e-01
-8.148379809064798529e-01
-9.999882542281045561e-01
-9.245326304095574654e-01
-9.933378163365097491e-01
-8.440996747261515498e-01
-9.999772398206959734e-01
-7.807633611365486503e-01
-9.588192479497705811e-01
-8.047081417448644913e-01
-7.407093083247457965e-01
-9.802275837925258362e-01
-7.944972830113110618e-01
-9.994195410259903989e-01
-9.887835890237360870e-01
-9.768554048757847053e-01
-9.592791040591021057e-01
-9.841790412282770406e-01
-8.828923316334832405e-01
-9.557878743620908946e-01
-9.797074607381586198e-01
-8.951120600738787791e-01
-9.242556794149002775e-01
-9.167954424817901238e-01
-8.286411392326860081e-01
-9.427272152429561070e-01
-9.997088795242393688e-01
-8.590945937402044708e-01
-9.706902853731976810e-01
-9.865449542583160092e-01
-9.318387136507513269e-01
-7.047345063112385732e-01
-8.686616110127713952e-01
-9.380843878973545991e-01
-9.568753376333051230e-01
-9.874447251156417416e-01
-9.879797425764924590e-01
-8.457661688350406326e-01
-8.079319576673568148e-01
-9.999211312230978921e-01
-9.233947920235672235e-01
-7.414974794985579321e-01
-9.391628847248345568e-01
-8.950342288908386124e-01
-9.748371086833519383e-01
-7.314564009005182221e-01
-9.347008535532173035e-01
-7.512716852562243419e-01
-9.958839911534391742e-01
-9.864486575763702358e-01
-9.821403010525676658e-01
-8.465513561158225508e-01
-9.808346680222569391e-01
-9.769608623245656931e-01
-9.491239114330884963e-01
-9.627892455638753511e-01
-9.942238654660126018e-01
-7.398437894363738554e-01
-7.572725237439121848e-01
-9.186082802386011936e-01
-9.769988921555113892e-01
-9.159651898390879232e-01
-7.545804516038080445e-01
-9.937147809474035087e-01
-9.964727152762801188e-01
-9.970080105659734349e-01
-7.826171213540327187e-01
-7.589572968343388792e-01
-9.742225269840707469e-01
-9.469946850331795174e-01
-9.529856225007501402e-01
-8.716372395274041285e-01
-9.332967117010999569e-01
-9.349387529303319067e-01
-9.554184143446984301e-01
-9.643192117656265161e-01
-9.316288534132119992e-01
-8.840172588147271471e-01
-8.009175894677387220e-01
-9.190224272577109943e-01
-9.713226439630479048e-01
-9.535278758369234442e-01
-9.453544908038178374e-01
-9.654438556604409971e-01
-9.738426190495891310e-01
-9.727622568314174822e-01
-9.790343241524691598e-01
-9.262854082276983370e-01
-9.352758289454747853e-01
-9.999460852616413042e-01
-8.181143240112106474e-01
-6.731834589416381132e-01
-9.805616901700494603e-01
-7.874728563018021932e-01
-8.020414926668256728e-01
-9.799693085934908510e-01
-9.927740255271776393e-01
-9.248666477222389215e-01
-9.054440394620367760e-01
-9.755502908799008610e-01
-9.956069885026981314e-01
-9.959171881468246168e-01
-9.982363418016143575e-01
-9.423882195800163952e-01
-7.016017940889645033e-01
-9.983470931910553015e-01
-9.076150010788264222e-01
-9.816385043828131929e-01
-8.697616606290423658e-01
-9.836077089306798360e-01
-9.991299580577008843e-01
-9.693033844154238521e-01
-9.807597947205104472e-01
-9.291104421094452670e-01
-8.579513187355242154e-01
-9.645913452228154217e-01
-9.650281516424560335e-01
-9.952661598213848881e-01
-9.529745423259710080e-01
-6.067475281631848905e-01
-9.406265497736095993e-01
-8.456726682864432743e-01
-9.731713049637321644e-01
-9.998272472022470270e-01
-8.933379036667227213e-01
-9.812782491294774756e-01
-9.528339680908709530e-01
-9.940586648912328460e-01
-7.149808557969614675e-01
-9.640590495962357842e-01
-9.989315843501630487e-01
-9.861325004248477910e-01
-9.588059053636641682e-01
-8.895462587536501209e-01
-6.585289895400771032e-01
-9.303694278977956422e-01
-9.999583983898667761e-01
-9.068181247108972887e-01
-8.643698877452689056e-01
-9.795303688807701636e-01
-8.816975446019367224e-01
-8.782715673321078720e-01
-9.965817099350966490e-01
-8.474523623981721210e-01
-9.781837036118197215e-01
-7.811135366560795212e-01
-9.875721014041871637e-01
-9.732382864268654954e-01
-9.958526060042212080e-01
-8.564998786192299374e-01
-9.515795085297650280e-01
-8.447367677488590854e-01
-8.234602021182042542e-01
-9.849275200831534294e-01
-9.964088408665904284e-01
-8.784950928679168269e-01
-9.503618128434272450e-01
-9.852371577137011283e-01
-9.867549818177981935e-01
-8.931681883190814020e-01
-9.447707483444914844e-01
-9.812024382307306114e-01
-9.953158727122257687e-01
-8.689643084880908086e-01
-8.088254466914677199e-01
-9.597548510794015053e-01
-9.487258379714387235e-01
-9.997803962326045069e-01
-9.806144566076879787e-01
-9.271978499679293106e-01
-9.096190955196841177e-01
-9.309617057164372156e-01
-9.198119182083577261e-01
-8.530938712491401565e-01
-9.191248716303220823e-01
-9.313361186605623177e-01
-8.721631696299633196e-01
-9.959812117040864887e-01
-6.911608095080474801e-01
-9.868786130298492498e-01
-9.057083299801949039e-01
-7.785709306502830440e-01
-9.899539896006062101e-01
-8.330008740635337361e-01
-9.937998941609372805e-01
-9.859796448534103863e-01
-9.407283399204545704e-01
-9.352869191537480642e-01
-9.761357910785860570e-01
-7.701101412187215667e-01
-9.817844179665989879e-01
-9.915044232994594253e-01
-9.154644070006026091e-01
-9.958054294634255399e-01
-7.513131803406762899e-01
-9.878344078110739002e-01
-7.883660558326405221e-01
-8.829117735890643637e-01
-9.985181753399338112e-01
-8.366157191216594402e-01
-9.994688931582640379e-01
-9.219288760561957785e-01
-9.766876857739054119e-01
-9.714972388968775574e-01
-9.732014399061683640e-01
-9.495392425050299678e-01
-8.750461905053769085e-01
-9.004751699236571705e-01
-9.964354595098734446e-01
-9.761125472051875862e-01
-9.541897413136652961e-01
-7.835286507183525373e-01
-8.710752233239187348e-01
-8.685069175313109291e-01
-9.560135781163572322e-01
-9.178231901740074861e-01
-7.661322763437351524e-01
-8.951806528532694207e-01
-8.375334727269885260e-01
-9.387383326399965089e-01
-9.092710725753766488e-01
-9.465971111362734280e-01
-9.405420601467923136e-01
-9.995762381368303862e-01
-6.884098599073418256e-01
-8.925012545372199568e-01
-9.953223807795821276e-01
-9.827863504606262346e-01
-9.459504985767009932e-01
-9.971101816601802836e-01
-9.742054087284007791e-01
-9.557326038066270568e-01
-9.982898641833336528e-01
-9.801116188111702598e-01
-9.901301141352837343e-01
-9.170548553333125463e-01
-9.973954227095288561e-01
-7.731735196403952681e-01
-9.774713090175379815e-01
-9.650416070097357357e-01
-8.822094831294965411e-01
-9.577121151729580673e-01
-9.653051924552894514e-01
-9.436275745489147715e-01
-9.543652259084447476e-01
-9.946623457845069627e-01
-9.784721443537259811e-01
-8.943619072453015129e-01
-8.308870517534998612e-01
-8.418059816815401941e-01
-8.713046321112640769e-01
-9.103050674599308945e-01
-9.251421882414331277e-01
-9.290407721429364551e-01
-9.830555824751417981e-01
-7.240224592502546574e-01
-9.370962142691329211e-01
-9.393162352039710061e-01
-9.264992507216476270e-01
-9.998358864201930540e-01
-9.306147314837772688e-01
-9.988781642226879365e-01
-9.839755521318978015e-01
-7.367303791417262326e-01
-9.607981963768846834e-01
-7.846890399094398338e-01
-9.999980514824734490e-01
-9.862975576849138948e-01
-9.965161636995082395e-01
-8.407413988316355669e-01
-9.917185981820175744e-01
-9.829841108099137692e-01
-9.995917075954636744e-01
-6.623688419659792270e-01
-9.091837785706545771e-01
-9.965882192683295226e-01
-9.688494893787744644e-01
-8.319918231386069785e-01
-9.992982704221279322e-01
-9.806163238590283049e-01
-9.891405720482647768e-01
-9.219761195033961965e-01
-9.512235834403385271e-01
-7.511371800137190968e-01
-8.037376616271958429e-01
-9.832262642594536972e-01
-7.114275092441617598e-01
-8.867415242111690299e-01
-9.400147747957539046e-01
-9.937326300111388733e-01
-9.998102052524808769e-01
-8.770609503822545117e-01
-8.684364615749808891e-01
-7.854905460445600340e-01
-9.689128768593376906e-01
-9.663536741663094620e-01
