-8.672372183814893720e-01
-8.101325414170372774e-01
-7.796852067744037829e-01
-9.376046155838551055e-01
-9.315537626242359481e-01
-8.793363163479069877e-01
-9.341761967963158053e-01
-8.997967117145091454e-01
-7.782554015585153584e-01
-8.864985865024785916e-01
-8.663065522025387155e-01
-9.763590047306914821e-01
-6.795999184760395107e-01
-9.546212898963237770e-01
-7.086002304489871229e-01
-7.194876470421873726e-01
-7.765269889836827755e-01
-8.998012749498106588e-01
-9.020974823066364445e-01
-7.923591546281482101e-01
-7.959897968360085674e-01
-9.116850196582112487e-01
-7.764264569754958378e-01
-9.783153139973277401e-01
-8.331629318612059354e-01
-9.390193359489833469e-01
-8.786709979038992424e-01
-9.239310967384710693e-01
-8.931191794036867915e-01
-9.895204367924385069e-01
-8.443338846790916508e-01
-7.704796728361289482e-01
-8.106400699279587840e-01
-5.438081965230968651e-01
-9.115347453639739417e-01
-9.933104464505655429e-01
-8.621435156760192120e-01
-9.687930365396979493e-01
-9.711276845755039133e-01
-8.746000425356221797e-01
-9.252600725770889767e-01
-8.989620793912753705e-01
-3.150064271620904299e-01
-9.617996880474581900e-01
-6.505285434403704770e-01
-9.519265468500849314e-01
-9.735744218169516406e-01
-9.394952116071678683e-01
-9.296649743331462101e-01
-6.665082011238310233e-01
-8.939800523086272044e-01
-9.099734671514998485e-01
-8.290146546461389931e-01
-7.484981381906270492e-01
-8.431294049101172305e-01
-9.929075266550243528e-01
-7.677659272265334733e-01
-5.863752722939005180e-01
-7.395073370984579508e-01
-8.029926199660779584e-01
-9.655941434574094595e-01
-9.450678229429076982e-01
-9.133371380053956212e-01
-9.356210442311909681e-01
-9.501310681397914237e-01
-8.409791863219608921e-01
-9.127407838850916111e-01
-9.336004676527982493e-01
-9.709489887811348918e-01
-8.519200969552409575e-01
-9.751665634295165752e-01
-8.628000373416039315e-01
-9.573966136899463297e-01
-9.111476607545517803e-01
-9.535138509488260139e-01
-9.470901012106852646e-01
-5.311210052898327483e-01
-9.734256337454960661e-01
-7.221597503693207853e-01
-7.834633609612476901e-01
-9.762875613502025596e-01
-6.920932002955378914e-01
-9.499644885320518428e-01
-8.185049508292723264e-01
-9.062436291728520610e-01
-8.960681912974236552e-01
-9.453781360052380123e-01
-9.230767203291841971e-01
-9.887516904218646152e-01
-9.548358787191478791e-01
-9.918375314755434324e-01
-9.011995558503917980e-01
-9.758782579801176249e-01
-9.626460592209996614e-01
-9.590235512598738188e-01
-9.158114796881476893e-01
-9.436177281818410867e-01
-9.656806735538198128e-01
-9.047906222077091165e-01
-9.147118326250610609e-01
-6.016352416939811931e-01
-7.958701069583147270e-01
-9.100843008777608212e-01
-9.833965886362652231e-01
-9.599059225847380583e-01
-8.727924337898760321e-01
-9.657130771444527584e-01
-9.451011196616331267e-01
-9.066726890057394961e-01
-8.863138116722539817e-01
-9.092326566782423791e-01
-8.583751662023652029e-01
-6.292339287829378236e-01
-9.622837101992706144e-01
-9.846193303095245319e-01
-9.403528719979412642e-01
-9.351454825384749592e-01
-9.579753439963968331e-01
-8.113596378748181293e-01
-9.442183529836361000e-01
-9.211054930226361126e-01
-9.441458486122544791e-01
-9.598593695322427122e-01
-9.013809836098017891e-01
-9.154270009874413416e-01
-9.872253521522693642e-01
-8.750692031724379705e-01
-8.866843842787275332e-01
-9.801805363624341849e-01
-8.624657604839344183e-01
-7.864863992869465248e-01
-8.485665481839687052e-01
-9.944514641765919150e-01
-8.349952172203700673e-01
-8.647174897691143336e-01
-7.548232495100537509e-01
-8.839331987896520415e-01
-6.916699327663811125e-01
-7.714857103171275376e-01
-9.334323550149901116e-01
-9.753523544982303228e-01
-9.343833302014445952e-01
-9.652986001693241169e-01
-9.319347442676069182e-01
-8.613055604899861883e-01
-9.759998593397899436e-01
-8.228284466740490855e-01
-9.262048648197329648e-01
-7.824798416406825163e-01
-9.432301493681702897e-01
-9.540747843760160052e-01
-9.788821831727004819e-01
-8.451087739743021743e-01
-8.712442841515458669e-01
-9.727162753569930098e-01
-9.411820917210682591e-01
-9.726682058679338994e-01
-8.178221943040779873e-01
-7.861600442519985910e-01
-9.513823090082224043e-01
-9.063658993219056992e-01
-9.298228585834942272e-01
-9.151859065999861098e-01
-8.468513685232903487e-01
-8.911385206338041653e-01
-8.968994064693721624e-01
-7.957612959554705157e-01
-8.784738734403505500e-01
-9.158908751913006352e-01
-9.946929161564584954e-01
-9.331777025521363900e-01
-9.244919501372036441e-01
-8.628824454884669315e-01
-8.985664756561104749e-01
-8.168812252555025522e-01
-9.332799455541956890e-01
-9.592806050418973829e-01
-9.094649716995171218e-01
-8.024443794727763590e-01
-9.132498515262712502e-01
-9.053642008373279371e-01
-9.121857922131239027e-01
-8.942406898496917389e-01
-7.740085736120394522e-01
-8.131037380064923825e-01
-8.858391421168119173e-01
-9.568908040614818589e-01
-5.706199873878978757e-01
-8.731003091535873839e-01
-9.096686473167948650e-01
-5.723397359669267770e-01
-9.438236786963168923e-01
-8.805890449675503051e-01
-9.290917795301185667e-01
-9.289657062497376216e-01
-9.234741323846911154e-01
-9.277755551745625606e-01
-8.059823000362562606e-01
-9.254601331981979762e-01
-9.233522378635270478e-01
-9.826645075137401264e-01
-9.918322105997193772e-01
-9.483204675916290238e-01
-6.083930944700810528e-01
-8.974309041203536452e-01
-9.798219463563154763e-01
-7.043826437851443689e-01
-9.653593658005337197e-01
-9.705021206522763677e-01
-8.470740664045490753e-01
-9.173384592888939038e-01
-9.970063735431211605e-01
-9.046893166553222621e-01
-8.388125423139549675e-01
-9.484957509776681395e-01
-8.887008167574201867e-01
-9.169672683377411149e-01
-9.690002226893213999e-01
-8.510928219575882858e-01
-9.488678491245098323e-01
-8.061781858835465053e-01
-9.989712379577915247e-01
-7.008053153012299141e-01
-8.483282439345773973e-01
-9.454619633173836357e-01
-6.673547526862955159e-01
-9.205771739280340649e-01
-7.044447010778336349e-01
-9.481021157656186471e-01
-7.658747415389872693e-01
-9.309814461366283656e-01
-9.282916218256117569e-01
-5.462347671772046498e-01
-9.836444164709872151e-01
-8.944179574916326647e-01
-1.794370088544663955e-01
-8.231806323166399597e-01
-8.620342580114970232e-01
-9.377374466154393406e-01
-8.440612916261353016e-01
-9.670453846070622417e-01
-9.912649080578148642e-01
-9.180755249030035925e-01
-8.746739676742781855e-01
-9.935684965330292551e-01
-9.323222816569863847e-01
-9.074438721546439490e-01
-9.639304996565978279e-01
-6.264181043342542665e-01
-9.359195956252908122e-01
-9.548785802291358538e-01
-9.815660218634404410e-01
-8.623541873138389491e-01
-9.130300444111064673e-01
-9.274394096659701603e-01
-9.708133104373498634e-01
-8.165009072711727489e-01
-9.429977501807774720e-01
-9.541681428891233274e-01
-9.085023363533470953e-01
-9.867452629019896060e-01
-8.110885357492940706e-01
-9.307117519275821538e-01
-9.483091166243361458e-01
-8.920542978553678282e-01
-8.738531337152244394e-01
-8.904727877392468738e-01
-9.752573491950411455e-01
-9.377754295584914690e-01
-9.731385758005450803e-01
-8.773755432781533692e-01
-8.923529818634863275e-01
-8.695883168126896656e-01
-7.996165318449396375e-01
-8.633225861597052520e-01
-8.387381608412156631e-01
-9.702943250842345213e-01
-8.435474025431856093e-01
-9.900716729361364044e-01
-9.828015140053524279e-01
-9.251535017411729456e-01
-9.357700271675859494e-01
-8.331589195483365407e-01
-8.716661078045921940e-01
-9.661756199947496571e-01
-9.443932257126013141e-01
-8.599618613802448852e-01
-9.011444997698139225e-01
-9.595882682332516067e-01
-9.300592401758291938e-01
-9.602750940518525180e-01
-9.803366254490012421e-01
-9.079076550177651583e-01
-8.506597693667825588e-01
-8.977904302454351448e-01
-8.735356587591974753e-01
-8.346479551444325740e-01
-9.933795513355723195e-01
-8.748691745594633362e-01
-8.665541771180065300e-01
-9.853230996512211126e-01
-9.110812277693361994e-01
-8.968672849587391305e-01
-7.733373649517857329e-01
-8.907006668390158310e-01
-7.606194799181732469e-01
-5.753230242083495760e-01
-9.712273044804107247e-01
-8.726264649254291683e-01
-7.830274380211349472e-01
-9.283764249543079439e-01
-8.557390119822682051e-01
-9.362218189506685828e-01
-9.467745564372684886e-01
-9.983386929222088924e-01
-9.577111707762451243e-01
-9.884808500437745060e-01
-9.751163938141490517e-01
-8.924793392558587612e-01
-9.697008847658249442e-01
-9.856025843435608502e-01
-9.371335745488561519e-01
-9.406830827934502537e-01
-9.438990138685926512e-01
-9.370127533728336289e-01
-6.710494567904774499e-01
-9.078028083753451050e-01
-9.511421897282338334e-01
-8.542786568786968626e-01
-9.303803909726050536e-01
-8.782990125434426698e-01
-8.632155250769067978e-01
-8.437667929888739149e-01
-8.853602849682360443e-01
-7.960068136926067295e-01
-9.492664168121206503e-01
-9.333569870594775608e-01
-8.535757533381213014e-01
-9.217955858650979106e-01
-9.308788154437268592e-01
-8.614096565110647141e-01
-9.574874538107744915e-01
-9.315883269261081567e-01
-9.248618785492711547e-01
-9.623814757987934065e-01
-9.508857966407624485e-01
-9.396043123858990320e-01
-9.697377615194087142e-01
-8.471545630451589037e-01
-5.697586729262094085e-01
-9.151743285213042034e-01
-9.931119886681711861e-01
-9.746809138052975330e-01
-9.184188098550180035e-01
-9.040788268365920199e-01
-7.600883660117316865e-01
-8.876180690089727765e-01
-8.963939341122597604e-01
-7.862128645284724993e-01
-9.557840390019463062e-01
-9.253309685061422707e-01
-9.947316919583322203e-01
-9.637383145674354168e-01
-8.814073461907949714e-01
-9.324214914970873069e-01
-8.822745471419691787e-01
-7.950013109949407575e-01
-8.845287981613998429e-01
-9.170305398151388232e-01
-7.816902341912830288e-01
-9.602896681453901850e-01
-8.814630466161816891e-01
-9.561884754808461784e-01
-9.628081950433015068e-01
-9.347607785333955643e-01
-9.757672540843234099e-01
-7.459458217311950579e-01
-6.780623829437705252e-01
-8.248746775872494164e-01
-6.871438139405552370e-01
-9.392738090517709360e-01
-9.985123089491415582e-01
-7.999580987036978286e-01
-9.594441667955769804e-01
-8.906470557173712388e-01
-9.763574438467652605e-01
-8.989755868211779521e-01
-8.975525609866975563e-01
-9.561686024971443043e-01
-8.812054025511308897e-01
-9.901546125824195466e-01
-8.450086169908015421e-01
-8.797132488261082406e-01
-9.340489815245552885e-01
-8.970049311376594448e-01
-8.902516514204357190e-01
-9.387092916181632996e-01
-9.214789577996416181e-01
-4.962853476951223364e-01
-5.615892875821490993e-01
-9.525578461210300052e-01
-9.086402561131073918e-01
-9.094156311849763696e-01
-7.545950678714480331e-01
-8.288115418609558471e-01
-9.250323114150661441e-01
-8.144447763644618865e-01
-9.653830170223732798e-01
-8.905311529066030074e-01
-7.605917365909307115e-01
-9.220257491978818276e-01
-9.676711272368031524e-01
-7.664722282117588659e-01
-9.575136775260455479e-01
-5.849491724576039164e-01
-8.961919696974607330e-01
-8.377027458090973155e-01
-9.702695123931267540e-01
-9.611515578264500093e-01
-7.150942306416315786e-01
-8.059971655372303312e-01
-4.712493638419626429e-01
-9.598168141268781373e-01
-9.197159436712607494e-01
-9.983230986296968146e-01
-8.679694296901049322e-01
-8.820882616118038699e-01
-7.302328291518842551e-01
-9.641321813126589868e-01
-9.776158154419440915e-01
-9.629835314357960696e-01
-9.267746280318129859e-01
-9.596174275410651600e-01
-8.960986965183297404e-01
-8.941361237452073452e-01
-7.413117007324137031e-01
-9.454585555232790650e-01
-9.189887653842127024e-01
-9.516173041134478039e-01
-9.704128005288670256e-01
-9.311590130499907136e-01
-7.123421525108722951e-01
-4.624979876919969590e-01
-8.135713335242894528e-01
-9.050809638485027842e-01
-9.669382639015857706e-01
-9.548532584064083339e-01
-7.341478691001664947e-01
-9.178402024162697348e-01
-9.611875706196902902e-01
-8.999413678568137787e-01
-9.653608485105789061e-01
-9.394972315787357697e-01
-9.121454976792577884e-01
-8.477539979225863220e-01
-9.528635836011328797e-01
-8.607973899317296063e-01
-7.360730695453041594e-01
-9.810674672872953250e-01
-7.376840008919933744e-01
-9.932657814149470354e-01
-6.940119554921917455e-01
-8.333810681801272491e-01
-7.048543127346137416e-01
-9.988890150372825572e-01
-9.618039444392870729e-01
-7.168835222041107791e-01
-9.267609099117353200e-01
-9.335347084832075204e-01
-9.311655989487774843e-01
-7.243212559859106836e-01
-9.080379654253513122e-01
-9.128012747982877650e-01
-9.160891907405237511e-01
-9.096054651280732761e-01
-9.048683208092245245e-01
-9.890530143641693694e-01
-8.487708357746384102e-01
-5.123829818949517945e-01
-8.918548577471682171e-01
-9.214745269293773688e-01
-9.572057492017276292e-01
-7.971587164437688999e-01
-8.492949087832861732e-01
-7.389997041978566550e-01
-9.576390202518364481e-01
-9.871466094993907037e-01
-9.374447012293377623e-01
-9.237074483095029098e-01
-9.407451011087859527e-01
-7.979529802818459139e-01
-7.848347520038098102e-01
-9.220908877234414991e-01
-8.861736293791487862e-01
-7.296846292505185794e-01
-8.345963109856958662e-01
-8.963925440343182283e-01
-9.775533471896821203e-01
-9.093380363180012527e-01
-9.450657078128187338e-01
-8.928062380323630309e-01
-9.657452242361078687e-01
-9.566962297383989622e-01
-9.201012569707945898e-01
-5.351763099998598783e-01
-8.884822732896677788e-01
-8.245241293472957977e-01
-9.014195323786950986e-01
-9.700989844839207343e-01
-8.163266314359615139e-01
-4.402791546927520283e-01
-8.918765567351842893e-01
-9.385231118188990251e-01
-5.791726777081974697e-01
-9.368622919638460722e-01
-9.440225049237426225e-01
-9.663658054561934385e-01
-8.952636707866407084e-01
-9.784380539220062234e-01
-9.963070491578580601e-01
-9.984964248377357077e-01
-9.301439184756250533e-01
-8.249394021169864644e-01
-6.714455527271911972e-01
-8.143113710784660730e-01
-9.332004680686892817e-01
-9.174250160830068612e-01
-9.222741232815291346e-01
-8.894132305142317119e-01
-8.813917004015209278e-01
-9.287396509961248769e-01
-9.051213765063862438e-01
-9.566952106771188236e-01
-9.829305701704146303e-01
-6.220339950774524951e-01
-7.629581946929726577e-01
-8.563208265756616644e-01
-9.601275806973599281e-01
-9.842920335302154378e-01
-8.104966775264763612e-01
-9.320255078119659142e-01
-9.969917548135748264e-01
-9.582235517894243104e-01
-9.013799609894374010e-01
-8.790497062345495882e-01
-8.329395718802630189e-01
-8.932412708623924669e-01
-9.277722192210234864e-01
-8.231307020852980383e-01
-9.454771231996631498e-01
-9.192128145724024479e-01
-9.522065499638429076e-01
-9.277954478294169194e-01
-9.533199293941299057e-01
-9.248785239018109117e-01
-9.620905251168428984e-01
-8.721975552186174152e-01
-9.309803763066926141e-01
-6.415040212498003269e-01
-8.995924335861984478e-01
-9.564784894607398780e-01
-7.460536455665698341e-01
-5.730753217973019176e-01
-8.970460708073872969e-01
-9.596659723054176139e-01
-8.566101341806385827e-01
-9.838104574466388641e-01
-9.631023608010342851e-01
-9.383405733145800953e-01
-9.323306564846091105e-01
-8.715087838012620658e-01
-9.803856217127994155e-01
-8.769516685238096798e-01
-9.524714787629833257e-01
-9.713510908211195893e-01
-9.532636453656140318e-01
-9.002137531741287724e-01
-9.499585048867683623e-01
-8.988320525900046487e-01
-9.487667244947548539e-01
-9.786854026126903250e-01
-7.965607480028186194e-01
-8.298929648959844085e-01
-9.965175423779605302e-01
-6.647714215239617364e-01
-8.651937615851663654e-01
-9.151373601592545093e-01
-9.737417881104690753e-01
-8.408176135140466023e-01
-9.463209587467469319e-01
-9.479342974944082734e-01
-6.962326140936399010e-01
-9.143293698704435535e-01
-7.720631821160831576e-01
-5.965402570293116824e-01
-9.067528534081997771e-01
-9.755870474128428560e-01
-9.894332661879823299e-01
-9.763492809476161938e-01
-8.938072496190897498e-01
-7.779951065475657623e-01
-8.615252727729652005e-01
-8.384372958900788708e-01
-7.510831233335528712e-01
-6.067495426008232551e-01
-5.360150377102405050e-01
-6.042774176271725750e-01
-8.841910791020118898e-01
-8.602916023172899607e-01
-8.465741038118803630e-01
-7.610358805780377267e-01
-7.995506303512336377e-01
-8.818364066517809796e-01
-8.024594655653938258e-01
-9.961522845601501475e-01
-8.552094196325259468e-01
-9.224634995665172976e-01
-8.499014432787681539e-01
-9.482088687272519634e-01
-6.590794777684628736e-01
-9.667251717762073149e-01
-8.681441815834738396e-01
-9.836012797614515080e-01
-9.579628988069824880e-01
-9.093419618844427177e-01
-8.437261529674779936e-01
-9.581804662906192593e-01
-9.682171822483680579e-01
-9.015004605238543522e-01
-9.305700693129369538e-01
-9.227734790746046079e-01
-9.451863107696113486e-01
-8.864969743196913221e-01
-8.941877373608942969e-01
-9.495937004724469555e-01
-9.537599940935211906e-01
-7.490127478956247753e-01
-7.586096873930288087e-01
-6.848028810288910861e-01
-7.688860920119857667e-01
-7.204624609269685287e-01
-8.130527275779179108e-01
-9.272069538503010522e-01
-8.574169484815475917e-01
-9.417947868035487780e-01
-8.806460767030802606e-01
-9.585608647776696634e-01
-8.457710050477103003e-01
-9.249067846572439633e-01
-8.012963667695961467e-01
-8.943099388388835447e-01
-9.731063098432869429e-01
-8.712129527294067977e-01
-9.530774122294521922e-01
-7.030538390638173540e-01
-8.599908315289910288e-01
-8.107793501845201867e-01
-9.379848201241486327e-01
-9.808459749647554515e-01
-8.821928424955366443e-01
-8.531227637150421428e-01
-9.128237976411250898e-01
-8.778548893108294449e-01
-7.654160808284401485e-01
-9.875566348957894869e-01
-9.174715404984279399e-01
-8.609377053945962421e-01
-7.888019092146866251e-01
-9.175702971577871514e-01
-8.209022142577114822e-01
-9.367492315873456876e-01
-8.556861774045623203e-01
-9.783230816225657600e-01
-8.636145605473908304e-01
-9.756306676204519190e-01
-9.426289391395165085e-01
-8.847591771134236671e-01
-4.642330541109219721e-01
-7.959459187695272497e-01
-9.334987649895312156e-01
-9.644821719808519545e-01
-8.930974636846819026e-01
-9.466404313178315988e-01
-9.740335710700641636e-01
-8.344419602131775138e-01
-6.677731991561906000e-01
-8.496952204022107935e-01
-9.573019540767514490e-01
-9.789230688455218266e-01
-8.342542428744466054e-01
-9.674102884067391495e-01
-9.894541497138993336e-01
-8.682473686660089340e-01
-7.996475341109056112e-01
-9.554235370504416958e-01
-9.989126622314711268e-01
-9.376835222359454214e-01
-9.762391911894322538e-01
-9.661262567199750961e-01
-9.299929011021873526e-01
-6.915720352545899896e-01
-9.019762215519027126e-01
-9.512866371276599287e-01
-9.309556067879567465e-01
-9.920031052470300592e-01
-8.131935929789120276e-01
-7.744980072888399958e-01
-8.135090356376124543e-01
-9.955132042687855343e-01
-9.032214422746105420e-01
-7.843688591767181695e-01
-9.676484964358322838e-01
-8.705277878700004024e-01
-8.093733351997386416e-01
-8.432063788182118103e-01
-7.508923986194785405e-01
-9.080102342544001948e-01
-7.770832648204671900e-01
-9.010768882333028973e-01
-9.141151691206746976e-01
-9.780893630470951505e-01
-9.505238006276039986e-01
-6.592448674835125200e-01
-9.093999018784180155e-01
-8.744045753382108099e-01
-9.248073392667671699e-01
-8.177052483196016741e-01
-9.021040072873134363e-01
-9.372517581522195051e-01
-6.218057332104746093e-01
-9.136219191230968706e-01
-9.022608930018745088e-01
-6.560145453476371458e-01
-7.596391128542487881e-01
-9.380592203476164626e-01
-7.400079956156970784e-01
-8.975209536203367922e-01
-9.289515922891253830e-01
-8.859133764482257645e-01
-6.400775657175221678e-01
-6.944853969329491949e-01
-7.380589299473955256e-01
-6.967590854010983215e-01
-8.139715425268067017e-01
-5.424644901110015072e-01
-9.105557148317378058e-01
-9.646923635442093969e-01
-9.323075218203918935e-01
-9.022733712794296368e-01
-9.445437231640549935e-01
-8.082279481076029004e-01
-8.545519221371804530e-01
-8.429975653665116031e-01
-8.943986974119694233e-01
-9.519627411687738849e-01
-9.046541434491680578e-01
-9.893100087554768107e-01
-9.191181741077807388e-01
-9.420991273939613997e-01
-9.298371091594983540e-01
-9.192627593913201833e-01
-8.713448568068531408e-01
-8.611767690419488419e-01
-9.641747829117458535e-01
-9.849718612015785357e-01
-9.573445998995619988e-01
-9.033436524731921491e-01
-9.613618634014819975e-01
-7.184652897703437402e-01
-7.916517036281200959e-01
-9.277837392008805306e-01
-5.302822443944735786e-01
-9.024949572038286627e-01
-5.264619484362687007e-01
-7.931013236867806571e-01
-9.765087122806968001e-01
-8.868666961615633282e-01
-9.686643317671910225e-01
-9.259436115782126997e-01
-9.118194329564200951e-01
-9.814743276567955421e-01
-8.119825653015504408e-01
-7.008971102981581547e-01
-9.348075968391760249e-01
-8.921808244076792072e-01
-8.487961256652825082e-01
-8.983354614370381297e-01
-8.838710551242624502e-01
-7.782043035356326355e-01
-8.971280005362928245e-01
-9.282331374595552687e-01
-7.858612810039370400e-01
-9.399263967785179696e-01
-4.152564970805151523e-01
-9.239860097259537941e-01
-8.859181693334310381e-01
-6.706228720240340335e-01
-7.143902322275438310e-01
-6.539846451303478192e-01
-8.629710703469458677e-01
-9.351339701815010175e-01
-9.948780948407672797e-01
-8.477301375186572230e-01
-9.282055030649575267e-01
-9.316478311518027189e-01
-9.134329395718703282e-01
-9.955793762640374744e-01
-8.618043086401692143e-01
-9.658461663016622012e-01
-9.931957027750373257e-01
-9.077870022967605701e-01
-9.492929552754606481e-01
-9.104746866152489959e-01
-9.454634049294943221e-01
-9.016275432034219772e-01
-9.485276345026829592e-01
-8.777416589463786778e-01
-9.269775481508053527e-01
-8.793449093846765763e-01
-8.899271715938490424e-01
-8.593302387425635347e-01
-8.861304659900741676e-01
-8.413433409647544936e-01
-9.040331369324380306e-01
-8.908692086616348815e-01
-8.185575432333226376e-01
-8.882772842022320647e-01
-9.886132386289876450e-01
-7.894816243657289956e-01
-7.327669632703777136e-01
-9.029135024186210057e-01
-8.826265059079732023e-01
-7.667617835698996576e-01
-8.356555221135930633e-01
-8.161002785807258686e-01
-9.949562298874243815e-01
-8.740079239058606841e-01
-9.113678478862928811e-01
-8.369680001090982202e-01
-9.293012694758412406e-01
-8.447521681870762134e-01
-8.707456733805155613e-01
-9.898138382388739220e-01
-6.773265309607789941e-01
-9.237710198911810444e-01
-9.571232467749358763e-01
-9.793452443188820356e-01
-9.748547657612127715e-01
-9.894036375631021230e-01
-7.235223034552685784e-01
-7.916706491701213100e-01
-9.218914802745264980e-01
-8.534239408518927705e-01
-9.327864539215326989e-01
-8.855219310967545887e-01
-8.810155664226789751e-01
-6.890043632190399059e-01
-5.263147070362097502e-01
-9.265354954341649130e-01
-9.520390496724295826e-01
-9.006280532398935890e-01
-8.995161268722029480e-01
-9.840283878083514457e-01
-9.128420378651523892e-01
-9.458019711764086290e-01
-9.504007657673950726e-01
-9.149868581954809788e-01
-9.897307150393690467e-01
-9.375056957523485446e-01
-8.666355537887562299e-01
-9.170542332478680558e-01
-8.584725771668897387e-01
-8.998460957360595591e-01
-9.061267300689990201e-01
-9.156808299726587608e-01
-9.719599299487713395e-01
-6.784229202829499261e-01
-9.503295401011560006e-01
-9.655695158717472193e-01
-8.612823878441625558e-01
-9.756589552701681045e-01
-7.726232874337864986e-01
-9.809459641990824208e-01
-9.073355663593885012e-01
-9.686243817825364033e-01
-9.895605093634252114e-01
-9.989179697090693200e-01
-9.198660425921234562e-01
-9.315121505752639308e-01
-9.467567575859721085e-01
-7.796869598234568155e-01
-9.050803492893186863e-01
-9.536797431200771946e-01
-9.174740633418581037e-01
-9.275317905961897313e-01
-8.585276159616692659e-01
-9.055085524076579295e-01
-3.131359612958177774e-01
-8.638441936444761771e-01
-9.918627502730172907e-01
-8.976265320556395810e-01
-9.305779215899666612e-01
-9.816363285995021171e-01
-7.116163028998335749e-01
-7.923633521919755118e-01
-8.579887716324413605e-01
-9.597855581806363778e-01
-7.831668563038988173e-01
-9.365098044168724822e-01
-5.504307647971941053e-01
-7.636140295031240699e-01
-8.528247426931787611e-01
-9.358210639302606548e-01
-8.301649533599261277e-01
-8.645529578021903250e-01
-8.828177268198558192e-01
-9.061479165933257196e-01
-9.337959917837850288e-01
-7.957468921068331369e-01
-9.678351145312766857e-01
-9.925096828127799586e-01
-6.945732908527648686e-01
-9.847877822852566521e-01
-9.498878105826285001e-01
-8.257266997096944783e-01
-8.441882632297204037e-01
-8.895573642988153784e-01
-7.658086479975685368e-01
-8.063085767502315981e-01
-9.751653352834183108e-01
-9.806582189824923912e-01
-9.446532458080236783e-01
-4.526653394843165312e-01
-8.767700428257507728e-01
-9.444677486301129576e-01
-9.246052625765195376e-01
-9.486575299787499693e-01
-9.983391266721177715e-01
-9.207821755069908187e-01
-9.479100917420409944e-01
-5.142424606992792580e-01
-9.294263711090614555e-01
-8.824092387650743774e-01
-9.491590814472835591e-01
-9.359262671948055390e-01
-9.232366193531565957e-01
-9.401763535313514275e-01
-8.961428857664439640e-01
-9.783570543276874920e-01
-8.780048866737909519e-01
-9.027776112493501870e-01
-8.299386476268812984e-01
-9.487535502918438279e-01
-4.603544622769827344e-01
-9.477095171096300286e-01
-9.144211091305030070e-01
-9.717238011874792525e-01
-9.819645631449264167e-01
-7.784545690811085494e-01
-9.851736999213991375e-01
-9.111559245716839284e-01
-9.886432996066383261e-01
-9.451476153075998310e-01
-7.726341836073703506e-01
-9.894824918391106339e-01
-8.569579737970766109e-01
-9.774004447555284525e-01
-8.621500050103235724e-01
-7.479808787619188770e-01
-8.580280385726740677e-01
-7.461941018735555042e-01
-7.035966226795528078e-01
-9.813840215728264482e-01
-8.216436956609484143e-01
-9.442836201393929318e-01
-3.766257123472961377e-01
-9.501381047206437502e-01
-9.490491786137951191e-01
-7.642685304596276152e-01
-8.754797252593360390e-01
-9.449908993872441210e-01
-9.955979839025647093e-01
-9.722412707326621994e-01
-9.448994541303235017e-01
-9.300251380965024461e-01
-9.149712561191480908e-01
-9.640986461289140497e-01
-9.484115405712968405e-01
-9.810465188090117250e-01
-8.284506231569683798e-01
-4.873930252830853682e-01
-9.557478016475905447e-01
-8.705062856152290252e-01
-8.699336017492272921e-01
-4.643708572986268157e-01
-7.386074310137527021e-01
-9.480856985337587917e-01
-9.236259742312585841e-01
-9.691292206584746216e-01
-8.782637284462605498e-01
-8.599320065919574541e-01
-7.671817248078144358e-01
-8.071062376614738243e-01
-9.354540894211069713e-01
-9.870087043721894604e-01
-9.448783353768394067e-01
-9.007187840706972759e-01
-9.029978442411596973e-01
-9.523198357299863526e-01
-9.091074306670231531e-01
-8.859942226307372382e-01
-9.338790146111600743e-01
-8.234942611989934935e-01
-9.445481954952673620e-01
-9.795472569182842593e-01
-9.232293925779077037e-01
-9.007449145220145503e-01
-9.092995861112962430e-01
-9.100541613580211964e-01
-9.460161030476134103e-01
-9.603905027904640068e-01
-6.706189054207637446e-01
-8.266818666035021801e-01
-9.536958746438800594e-01
-9.777316788749113030e-01
-8.804230765153334692e-01
-9.271964911245108576e-01
-8.583841605520023954e-01
-8.627902814743453330e-01
-6.911918615633372287e-01
-6.652363125223693663e-01
-9.490165775240311241e-01
-8.805205777361931885e-01
-9.572415571423249503e-01
-9.831379410762014492e-01
-9.349955103081170060e-01
-6.315393256542900513e-01
-4.107422363190140757e-01
-8.803337393246036813e-01
-8.912030038697605905e-01
-9.725656632590080619e-01
-8.996481122570794131e-01
-9.455263458710894131e-01
-8.483381819753118558e-01
-9.213242575071795004e-01
-9.272671244760155584e-01
-5.046805511006737799e-01
-8.798947379505767108e-01
-9.702426116310072235e-01
-7.466120644075224799e-01
-9.956070355649251358e-01
-6.333418539076682841e-01
-9.503319771561969942e-01
-9.731076950081791743e-01
-7.110015198106530709e-01
-8.683733132908439956e-01
-6.983452833658193581e-01
-7.402635240965587116e-01
-9.248771850687195206e-01
-9.002514846086472344e-01
-9.679552623679043011e-01
-7.712084608540881181e-01
-8.885929128774261443e-01
-8.281431266230170340e-01
-9.968218302106354178e-01
-9.637054646228563337e-01
-8.609832197258214803e-01
-8.573601398268265728e-01
-9.134590800028462576e-01
-8.939667999013505284e-01
-9.414732635982541176e-01
-6.757481789749320011e-01
-9.316536955303992285e-01
-8.782787976895223281e-01
-7.993138650110326315e-01
-9.148194753427828507e-01
-7.643362684141684626e-01
-9.095086232519733471e-01
-9.527243287965425633e-01
-9.396773084951550725e-01
-7.506170127873202924e-01
-9.786579570605778988e-01
-9.401920917987193205e-01
-9.502267492200803245e-01
-9.685795591465806709e-01
-9.064645973356684205e-01
-7.887766281647478062e-01
-8.249695481706007527e-01
-8.780445626104449452e-01
-9.887395140653930659e-01
-9.160198634858706113e-01
-9.380322045792210961e-01
-7.769432862808415274e-01
-8.302263620900884877e-01
-9.761199528396540259e-01
-7.359702377755860114e-01
-7.494383552993547637e-01
-9.244235614003448731e-01
-9.122671879186304844e-01
-9.534678516792025604e-01
-6.649927756940063883e-01
-9.950870813667279657e-01
-9.800812397488352090e-01
-9.602482426086121903e-01
-9.907431459865075896e-01
-9.032753552649278594e-01
-7.936856743793785363e-01
-7.538079702946842708e-01
-7.940838608332345672e-01
-9.764490861079324624e-01
-7.494379601328062801e-01
-9.232662234330548667e-01
-9.342600708767507811e-01
-9.670378153783359965e-01
-8.899744291842179855e-01
-8.954055552690471931e-01
-9.114331769028392038e-01
-9.474530230305034939e-01
-3.993852244210771563e-01
-8.680752137542636637e-01
-8.786931034195860635e-01
-9.103584890815956676e-01
-8.413769836665319080e-01
-9.596764913353214022e-01
-7.531063575745442495e-01
-9.399513249529501957e-01
-9.371251391281804066e-01
-9.003972132414482799e-01
-9.251187215593764668e-01
-7.758636666397853432e-01
-9.006118209118879614e-01
-9.800489199305292276e-01
-9.580638014719458084e-01
-8.644036919458795154e-01
-9.500039230560721748e-01
-9.142752268538746341e-01
-9.983230032377260477e-01
-9.591734569767076390e-01
-6.910674578489583997e-01
-9.410150878055132395e-01
-8.965496709102769302e-01
-7.065924859380230405e-01
-9.265033922236639574e-01
-9.676376353558435728e-01
-8.940874164514739375e-01
-9.521974787576714672e-01
-9.518555876881156230e-01
-9.065790163028972781e-01
-8.786562142188673041e-01
-9.637215807963652736e-01
-9.628706047187577388e-01
-8.116513402672759225e-01
-9.167204071918482189e-01
-7.459396180115337449e-01
-9.474346829600730491e-01
-9.338586354246511956e-01
-9.673270653912807715e-01
-9.503288226803452421e-01
-8.287896963583005761e-01
-9.190434897345165499e-01
-8.351069653646472357e-01
-8.750761302553702325e-01
-9.081315154555542613e-01
-9.159017379012186488e-01
-9.444515607334714735e-01
-9.157667362493118191e-01
-9.234616683355758582e-01
-9.393521081492499647e-01
-8.607823828359856266e-01
-7.987785157076437992e-01
-7.665761687893533072e-01
-3.914865837864404674e-01
-9.717685867856514781e-01
-8.247871203360493952e-01
-8.683435087420999787e-01
-9.915651777907001918e-01
-9.772123949607040005e-01
-9.077523718552621412e-01
-7.555271686508898688e-01
-8.581990224102082898e-01
-8.459854344082061717e-01
-9.006891420005112003e-01
-6.544370680246547334e-01
-9.685315415134398975e-01
-8.452714704550644553e-01
-9.925853349876548881e-01
-9.129153219478871595e-01
-8.467990034189482040e-01
-6.225228296473104272e-01
-9.086555890827271442e-01
-9.589796968172336067e-01
-9.295054062560884622e-01
-6.275581091325315164e-01
-9.683435028931876021e-01
-8.732710928141287354e-01
-9.005539665402780836e-01
-9.301580084518844549e-01
-8.685584277977609347e-01
-4.621195692319918225e-01
-8.419072398946332303e-01
-9.986579392312809889e-01
-8.877782937237204131e-01
-9.398377175367532699e-01
-3.355609516207097021e-01
-9.076766160127154315e-01
-6.501470194630695199e-01
-9.584953933280923044e-01
-9.492257349203495620e-01
-8.172436977261103852e-01
-9.858593626534517540e-01
-5.619443217424944237e-01
-9.630370666324388207e-01
-8.966336215291753620e-01
-9.378064525933810236e-01
-9.724118665331948907e-01
-9.599524385425276529e-01
-9.409363269293318233e-01
-9.187722658072219328e-01
-9.395198631850982807e-01
-9.285500063433441698e-01
-5.700321363687961274e-01
-9.126968630117783254e-01
-8.608903534751639608e-01
-8.577842667570376722e-01
-9.393719828196882560e-01
-9.319151511268117805e-01
-8.786937880856229288e-01
-6.497082754613087152e-01
-9.603410080510323965e-01
-6.602766403292226194e-01
-9.606305776946219011e-01
-9.906727535822745789e-01
-9.112631331706780857e-01
-9.565562583834524846e-01
-9.416533802095873318e-01
-9.088661486418888602e-01
-8.601002697081365778e-01
-8.911106231067853489e-01
-9.254499515501306561e-01
-9.171053136239464276e-01
-8.514682842466086976e-01
-7.862199431757990187e-01
-9.767281024570705350e-01
-9.570915618465158925e-01
-9.025785729185572537e-01
-9.809771527933902613e-01
-9.277390300161508785e-01
-9.911155039941258460e-01
-9.683079549447418666e-01
-7.637700758339178719e-01
-9.323773824709140623e-01
-6.089310049151409610e-01
-9.993967339460595456e-01
-8.376519708251417562e-01
-9.724139079149186626e-01
-9.976778957481017285e-01
-9.226912015838377723e-01
-7.224988024572749357e-01
-9.905915096724104973e-01
-9.622695510747075742e-01
-8.799976319451756623e-01
-9.186189066384167212e-01
-8.435284562369470551e-01
-9.296630722418620651e-01
-9.129596212502006924e-01
-8.463356079723877157e-01
-9.532430535469905708e-01
-8.368379058619793698e-01
-9.350743394448149948e-01
-9.677980690570942013e-01
-8.783555132285295608e-01
-9.505225125426183252e-01
-9.795793636013234718e-01
-9.378843108483424507e-01
-8.108284106138354819e-01
-9.141632910638720633e-01
-9.053323975559791625e-01
-7.522330009422699693e-01
-9.207909353173189260e-01
-9.065083356383940583e-01
-9.554035666655427139e-01
-9.883033783721235643e-01
-9.165218535931338728e-01
-8.244486447352150638e-01
-7.649620472798944748e-01
-9.878457494278651829e-01
-6.070153920086095445e-01
-9.174439605834669997e-01
-9.605032842096707935e-01
-9.334497969795072514e-01
-9.765590297129020936e-01
-9.062774468982415232e-01
-8.361403190305597422e-01
-9.138465571122381670e-01
-7.874628945950939984e-01
-6.939485666559136456e-01
-8.571789136579435198e-01
-9.691193135661936298e-01
-8.091107760416480499e-01
-7.756102672128777353e-01
-8.249360428668857104e-01
-8.666675355453827834e-01
-9.198567089616851433e-01
-9.670654579876792889e-01
-6.047009157404495960e-01
-8.925110455391307429e-01
-9.399935499676120854e-01
-9.570530796678172747e-01
-8.214215526890853436e-01
-8.855368168236387172e-01
-9.429536819112802615e-01
-8.951846243581350615e-01
-9.742377997425820668e-01
-8.569825515850372222e-01
-9.200612044443579052e-01
-8.557534503183680252e-01
-8.585922674910292374e-01
-9.995595729477303459e-01
-9.080776234340942610e-01
-7.033783054241238286e-01
-9.434994120133292084e-01
-9.875149035034793688e-01
-9.499793627917773042e-01
-6.008912840571124514e-01
-9.270148382421233846e-01
-9.876848332068078884e-01
-8.283684898228953486e-01
-9.550259077005265329e-01
-8.626661046477636097e-01
-8.516687460166805224e-01
-9.391463608072441183e-01
-8.441284607722285838e-01
-9.564377962104159137e-01
-9.174917921361761541e-01
-7.865457992780211516e-01
-8.828305250426219386e-01
-8.727531057127839720e-01
-9.163736578096454144e-01
-8.974557122567848877e-01
-9.508381869928161922e-01
-9.137845009786648154e-01
-8.300214911773846627e-01
-9.058694906234388000e-01
-9.707419931556292569e-01
-9.531350348657599003e-01
-7.677950920924525580e-01
-9.738872360453140198e-01
-9.832189483251568829e-01
-9.925428991237644771e-01
-7.600177878570543166e-01
-8.429546384483705967e-01
-8.568913844848810024e-01
-9.017731405718825144e-01
-7.897710826908671544e-01
-9.498449065124289215e-01
-6.321855221565284566e-01
-9.796822029813403443e-01
-9.760830429425678689e-01
-8.650328702826575178e-01
-9.538150567975158811e-01
-9.487221953571768340e-01
-9.800255464263785132e-01
-8.489330716221618056e-01
-9.480845005837097439e-01
-8.797543524993094444e-01
-9.695180954693896069e-01
-9.910023488433300498e-01
-9.665314162115612451e-01
-9.266983627248126520e-01
-8.456233293520298844e-01
-8.500065180206486382e-01
-9.154587635323601091e-01
-9.846333413058618866e-01
-9.593554589935269217e-01
-9.126822266121226157e-01
-8.761626675116964691e-01
-9.507173321607711447e-01
-9.640626580356344011e-01
-8.888416575142455978e-01
-9.290888187271464371e-01
-8.986007422574070480e-01
-8.399819832078130322e-01
-8.708477594543601041e-01
-9.308305078674811162e-01
-8.846742002983454256e-01
-8.083421285119424260e-01
-9.494069121969308522e-01
-9.665134473598527842e-01
-9.561296790003496193e-01
-8.038925096688984695e-01
-9.096974072954903123e-01
-9.487866924301098237e-01
-9.499608420271605791e-01
-7.492671477244610134e-01
-8.832485771508011840e-01
-8.698281598916071111e-01
-9.244802251580322983e-01
-9.796325592125855186e-01
-9.252534740633867605e-01
-9.139354988187637918e-01
-9.079728245463969394e-01
-7.764001864217677795e-01
-8.577709223704768071e-01
-9.007729967031899987e-01
-9.311238328326273406e-01
-8.987185486079593000e-01
-9.151493531319858654e-01
-9.544326505191235155e-01
-9.173155126142442661e-01
-9.806588104113508342e-01
-9.345449108490683221e-01
-9.530751655616757079e-01
-9.867766004351181675e-01
-9.486784061370516774e-01
-9.973144200581418595e-01
-7.010412771793169684e-01
-8.037667059411925941e-01
-6.896880432673346828e-01
-6.487411516720859028e-01
-8.996420002221026113e-01
-9.252824109700164001e-01
-5.978028460083046891e-01
-8.586996385805814036e-01
-9.033374943259834255e-01
-9.907209969504116032e-01
-9.578530848498336692e-01
-8.197504593965539987e-01
-8.703797109597949389e-01
-8.651101874231055255e-01
-8.078203872531607432e-01
-9.717033851141397838e-01
-9.459363127248180403e-01
-7.586592559872014085e-01
-8.702002824532669711e-01
-8.426090971520641126e-01
-9.566607944687343101e-01
-6.506415174186570560e-01
-7.615641956955033764e-01
-8.479945615469668407e-01
-9.432347542251086070e-01
-9.542967333626610760e-01
-9.510607281550145231e-01
-9.403909832629997467e-01
-9.129427006750957529e-01
-8.777206153324291771e-01
-9.426396495964513012e-01
-9.120665997766562727e-01
-9.954770540397307466e-01
-5.908905730134809131e-01
-7.720665146550471647e-01
-7.730161449855635913e-01
-8.054295822522379300e-01
-9.862599418148997321e-01
-9.852860662918122570e-01
-9.882879636064432205e-01
-9.478622792924452645e-01
-9.925013962894099206e-01
-8.753361961983079365e-01
-8.957410925070705687e-01
-8.768311155069409280e-01
-9.257728487907221915e-01
-8.301714487088618366e-01
-9.369557640502534923e-01
-9.987514925507685604e-01
-8.602138161074427414e-01
-4.939753635096897355e-01
-9.642000545674809242e-01
-9.311167027011338915e-01
-8.658593313132079139e-01
-9.640352454830288798e-01
-8.980593981258709890e-01
-8.738995040401117409e-01
-9.878649831578887319e-01
-9.216023174952003849e-01
-7.316660692632922514e-01
-8.613040326517563683e-01
-9.871646968470723094e-01
-8.244816231476164159e-01
-9.880360565810073492e-01
-9.557698033711453656e-01
-9.324022185181087830e-01
-5.254752342391302289e-01
-9.469858786476837986e-01
-9.838264108654908302e-01
-9.557038584359507372e-01
-2.847000125444276719e-01
-9.072517623080633697e-01
-9.336512231251136162e-01
-8.925029572746796536e-01
-9.618322870046397410e-01
-8.688565452354355401e-01
-9.792202565262575487e-01
-9.493680998987226172e-01
-9.357533136885208824e-01
-8.772152646061580628e-01
-9.895304616739107884e-01
-9.024289746425233627e-01
-8.510163344093942817e-01
-9.646092519541195065e-01
-8.444831762188104163e-01
-9.737852239447167824e-01
-8.874751911955971462e-01
-9.626697694782152537e-01
-9.645169909359221361e-01
-9.544339337501617226e-01
-9.850456817335714321e-01
-8.725569237979851067e-01
-9.101060300968851768e-01
-8.951981883748496571e-01
-9.633692668980113893e-01
-9.233880616201612934e-01
-9.186102100853271724e-01
-9.050356905925194262e-01
-9.129923745128347701e-01
-8.618311770281157358e-01
-8.568421888549291321e-01
-7.837904918880277405e-01
-9.155056222662494303e-01
-8.715729557654195991e-01
-8.633440964775442872e-01
-9.940938783941372092e-01
-9.835812578576755838e-01
-9.902807835198899067e-01
-8.939771370505678050e-01
-9.173758501308307833e-01
-9.834725817156768635e-01
-9.348534581373575403e-01
-9.055316865680339555e-01
-7.798186938364340959e-01
-8.576410672657243106e-01
-9.837422187592106404e-01
-9.699220476089732701e-01
-9.711433027909703863e-01
-9.801133258392166203e-01
-9.110244358413439603e-01
-9.317716206318827910e-01
-9.250630807654790511e-01
-9.256723144026776096e-01
-7.042503860242620428e-01
-9.607754161437528362e-01
-9.208841461283773233e-01
-7.553560921575240839e-01
-9.723449901577572163e-01
-8.436559121814993789e-01
-9.848659376773440943e-01
-9.909997886844067461e-01
-8.290903130041559210e-01
-8.858561373750958312e-01
-9.248216045353521153e-01
-8.962597822162708949e-01
-8.675297379158378730e-01
-9.119669844161770733e-01
-6.381529118149795732e-01
-9.519334549603110096e-01
-8.845623977876954092e-01
-9.357800058797778320e-01
-6.696905618340938116e-01
-9.162292140032018972e-01
-9.316636019180741801e-01
-7.960098046288750506e-01
-8.895521268987990338e-01
-8.713820703607654261e-01
-9.824336237363812119e-01
-8.668823784118738773e-01
-8.504181246190133381e-01
-9.003281352766051571e-01
-9.973546143556774046e-01
-8.968841822462887414e-01
-8.457233582259322535e-01
-8.218673899743460520e-01
-9.134499914281600796e-01
-9.285777601045883678e-01
-9.552243836692424495e-01
-5.945806734193198606e-01
-9.846746722961442488e-01
-9.504694936702294816e-01
-9.122246655152987937e-01
-9.203532407175243346e-01
-8.566077716835656108e-01
-9.393243045785961698e-01
-9.891769086271741118e-01
-8.382733004771141250e-01
-9.448557839380707923e-01
-9.697200111727063421e-01
-9.007853167808900219e-01
-9.587016993971728684e-01
-9.109719871923661616e-01
-9.178076444706446679e-01
-7.387251377173771338e-01
-5.882588085971537373e-01
-6.908494348113979333e-01
-9.720840697432022726e-01
-9.125605425995286790e-01
-8.666888272663362258e-01
-5.885554459000843508e-01
-7.594559342463297336e-01
-7.150609368036269231e-01
-8.303195841901519492e-01
-9.486075973044992837e-01
-8.806808385659613547e-01
-8.841327178365421258e-01
-9.648134927877074496e-01
-7.879842431644719092e-01
-6.308743232599184347e-01
-9.533313473730826715e-01
-9.945145067462620725e-01
-8.972414980807340568e-01
-7.685153723336497489e-01
-9.231973201744515523e-01
-9.285397883139197006e-01
-6.249026732578636389e-01
-9.204103812863290157e-01
-8.874934533911796875e-01
-9.386746744270818565e-01
-9.065976145617765658e-01
-8.908911933665657479e-01
-9.074437762440806798e-01
-8.716167185644657645e-01
-9.965608936944615470e-01
-9.711927845219060496e-01
-9.119301134635744432e-01
-9.361716372710598977e-01
-9.102174607920139326e-01
-8.960856782158744815e-01
-8.076067738655496875e-01
-8.098675583405801071e-01
-6.517162561928917519e-01
-9.121315232080816626e-01
-6.994563717883467424e-01
-9.883276556196655127e-01
-9.081429864914025707e-01
-9.594813297109509032e-01
-8.012063144410833671e-01
-9.907870907217136702e-01
-8.562333461117180855e-01
-8.465854246202741962e-01
-9.602847274914809717e-01
-7.379131746345505283e-01
-9.394218402090036557e-01
-9.488178015973369739e-01
-9.402300580401991015e-01
-7.629052744517889062e-01
-8.988140866538137930e-01
-8.844054322325511919e-01
-9.607490998766353707e-01
-9.801759402948259092e-01
-9.759379989264695965e-01
-9.517695247959571114e-01
-8.689998301547440240e-01
-8.950015006478788671e-01
-9.534870849309695640e-01
-8.701802257006914232e-01
-6.945771243992198141e-01
-9.902901200518849922e-01
-9.812853301246866611e-01
-8.919822363726092052e-01
-9.825208775243834403e-01
-8.312745441254900669e-01
-9.094422902556480448e-01
-9.614246085679190035e-01
-9.680210683324017573e-01
-8.830644886964611473e-01
-9.305556069487077586e-01
-7.808660975236307866e-01
-7.108839204213115437e-01
-9.414118137311219270e-01
-9.886269940019201119e-01
-9.416164671825142385e-01
-7.913834733609086403e-01
-8.147065588790647350e-01
-8.713369186931806398e-01
-9.354872899889380422e-01
-9.143602438898679186e-01
-8.083059158034187064e-01
-8.490334423395088370e-01
-9.712877314831311892e-01
-9.032184757398263875e-01
-9.905594639935353385e-01
-9.307654043940307709e-01
-9.847445737336991689e-01
-8.877617742786818589e-01
-9.392134244191006065e-01
-9.231071436651431261e-01
-9.349947618958255324e-01
-8.110806375562215065e-01
-7.534834184210714714e-01
-9.340811702817471973e-01
-9.108192974654379936e-01
-4.120424897419800447e-01
-9.960095544236378107e-01
-7.668195657708822832e-01
-9.003086872838199639e-01
-7.787554125637500269e-01
-9.422414543715509350e-01
-8.640436832352317298e-01
-8.738165020853053688e-01
-8.979728284535570815e-01
-8.402008495045675263e-01
-9.676475299350509873e-01
-9.049252789817361364e-01
-8.612490540649151427e-01
-9.378509275999464823e-01
-9.795798006402296476e-01
-9.174878686090742752e-01
-6.785009315477982250e-01
-9.044146926610663328e-01
-7.583346011666666220e-01
-9.460156618286289509e-01
-8.238964453111397024e-01
-9.774322370841709295e-01
-9.321080136933947990e-01
-8.989921405135118393e-01
-8.590543338361203984e-01
-6.427429375534968736e-01
-9.663761500873957466e-01
-8.954251698967643502e-01
-9.316269223149978851e-01
-8.725636999008947736e-01
-9.993748951241060441e-01
-9.336559155022141621e-01
-9.647760712454662713e-01
-9.908808236240377321e-01
-9.816578234869078878e-01
-9.295626348434997688e-01
-9.300833544351210236e-01
-6.265370052992298433e-01
-8.822817356728337446e-01
-9.944821108946708677e-01
-9.642713310397128534e-01
-8.886540715361146425e-01
-9.654610417688818114e-01
-6.485812741550225358e-01
-7.276727839678867049e-01
-9.104785974995104336e-01
-7.290144245127332390e-01
-7.147020514107327305e-01
-8.930252973052835719e-01
-9.483078508059611389e-01
-9.570445059497144635e-01
-9.111351209941932483e-01
-8.364623668983020011e-01
-9.310350293545677225e-01
-8.290866724541186006e-01
-9.082964237305808375e-01
-9.451900083659047214e-01
-9.657511634591968708e-01
-9.271098415411564986e-01
-9.576435102886329265e-01
-9.182284781129386175e-01
-9.437869949486829002e-01
-8.882306356934549507e-01
-9.152774532506815497e-01
-8.688451296212188479e-01
-7.851114458175914024e-01
-9.373653900763034841e-01
-9.424380669907737040e-01
-9.787390758682936731e-01
-9.982794310182450115e-01
-9.526065989609369122e-01
-8.399964247770538295e-01
-9.276806733203805111e-01
-8.796632711763138213e-01
-9.293352646214372292e-01
-9.592539143516932709e-01
-9.469422360044299491e-01
-9.696072997466035348e-01
-8.839914312978579547e-01
-8.405515834085419691e-01
-8.587479487137167355e-01
-8.946957982176377833e-01
-9.108702636695008570e-01
-7.486837920525882817e-01
-7.919503870614310603e-01
-9.661902228957878203e-01
-9.551942810325192434e-01
-8.137740835041776810e-01
-7.333362515840812224e-01
-8.889729410333728765e-01
-9.363923466679928698e-01
-9.115469026662084140e-01
-8.324622181027073742e-01
-8.922380099017120925e-01
-9.390739814424816645e-01
-9.602026916963817271e-01
-9.630567772643573443e-01
-9.749976170628602556e-01
-9.202457642961574535e-01
-9.553538616734623679e-01
-9.024916668956723953e-01
-8.962633045432274459e-01
-8.386230702924830638e-01
-9.517987623246062512e-01
-9.352618309064861801e-01
-9.805557353364795503e-01
-9.200041480037227659e-01
-9.224577558421331869e-01
-9.267190541093988099e-01
-9.151862030287108984e-01
-9.005801968490440013e-01
-9.951854758756423225e-01
-9.181445006965808231e-01
-9.089769389295475621e-01
-7.421279069272914697e-01
-9.670527337412763158e-01
-9.153169815112498497e-01
-7.384167044768994437e-01
-8.934628264854416191e-01
-9.350910723373199174e-01
-9.944219372136174906e-01
-9.669442452734378080e-01
-9.694805828851243978e-01
-9.361632997110351795e-01
-9.527532833364406040e-01
-9.125979339925037737e-01
-9.560472366346171036e-01
-9.762628942189134351e-01
-9.129855288756385523e-01
-8.169030393848285554e-01
-9.966447062086213338e-01
-8.984796844794176174e-01
-7.479046186892563952e-01
-9.655347477401035050e-01
-8.981204789788274079e-01
-9.043842527870141756e-01
-8.789652212912123508e-01
-9.886466262026378793e-01
-9.204262047314739625e-01
-8.767738132184348387e-01
-9.236642407596239446e-01
-9.131580056232811993e-01
-9.673368334489208520e-01
-8.905841059781264279e-01
-8.988745337818679904e-01
-8.744608249586705018e-01
-9.091475768876412511e-01
-9.469255760964687685e-01
-9.787386444786486672e-01
-8.572623000769663548e-01
-7.364960891456786563e-01
-8.327074305227821771e-01
-9.357241501950386287e-01
-8.984636944939372594e-01
-9.979280240788868106e-01
-7.669368157060039159e-01
-8.773393021533089087e-01
-9.167864783590158329e-01
-9.898166893969148061e-01
-9.234703127318473204e-01
-8.997070761017411655e-01
-8.195307419644299873e-01
-9.321554989834602845e-01
-9.398678686505225199e-01
-9.100129943027730484e-01
-9.896059323770823868e-01
-9.742103642096425764e-01
-9.146898910777554459e-01
-9.513773215403485972e-01
-8.965787482083256155e-01
-8.125121141171190997e-01
-4.256691266640001969e-01
-9.547766069249672416e-01
-9.114569425374591249e-01
-9.056337809939060124e-01
-9.498525852424273275e-01
-8.936459392368960586e-01
-8.995040548538638658e-01
-9.526882315436774329e-01
-9.054583384198039431e-01
-6.064057959158476452e-01
-9.263126493368046832e-01
-6.706683294362567604e-01
-9.063051845055621891e-01
-8.890092253481861606e-01
-9.092510695228206430e-01
-8.592556716097821123e-01
-9.030693589256898468e-01
-9.485294681284801577e-01
-5.644737766419666292e-01
-8.522546123531987705e-01
-6.393356573460631243e-01
-8.505236630725586666e-01
-7.834913262759737318e-01
-8.526846945017892976e-01
-8.025836555814386264e-01
-9.160730897680976481e-01
-9.410742243044706301e-01
-8.070682960627606484e-01
-9.900905063974584364e-01
-9.730619847637745901e-01
-8.896472340946903756e-01
-9.217323591963373364e-01
-9.722368889307668738e-01
-8.910036328048115406e-01
-8.991299519298049381e-01
-9.128143321665543874e-01
-9.516586207592997448e-01
-9.400663731070550977e-01
-9.118191315391274143e-01
-9.930590412842986714e-01
-9.394935097782363131e-01
-9.220167278112254561e-01
-8.717620994657200306e-01
-8.876072855135976880e-01
-9.789310676612789086e-01
-7.760273791553128353e-01
-8.145050784685099465e-01
-8.960154840583786084e-01
-8.892419507878729368e-01
-5.840780660216169373e-01
-9.096671771479327706e-01
-9.841087273723319040e-01
-9.792032728510863260e-01
-8.965184242059207609e-01
-8.525039880818358062e-01
-8.754821456790843337e-01
-8.834636573195607800e-01
-9.125271897956759304e-01
-7.398597041703508514e-01
-7.881495035713832475e-01
-9.672578229907828895e-01
-7.322213838623576887e-01
-8.548545969323939619e-01
-8.942052118082360890e-01
-9.042273116606859285e-01
-6.526427677103154856e-01
-8.313278238837047418e-01
-9.376853846609348730e-01
-9.616431682734937203e-01
-9.782313239287228068e-01
-7.930869006942993238e-01
-7.091259737044036671e-01
-9.808860929270993845e-01
-9.198896901913734547e-01
-8.207635196247924370e-01
-9.079013114340294122e-01
-8.089264850551155517e-01
-9.117434558042384340e-01
-7.103451522235145754e-01
-7.302540213649915124e-01
-8.199555671235876364e-01
-9.713716753825860639e-01
-8.769167053655488875e-01
-9.000054761735011288e-01
-8.402337727893388619e-01
-9.453738212672413432e-01
-9.864746952033729421e-01
-9.430381665669577140e-01
-9.554158912052780339e-01
-9.844469120105218130e-01
-8.846029653176172847e-01
-9.443260361924938895e-01
-9.667304017972301322e-01
-6.270407279915243270e-01
-7.907568731401322104e-01
-9.286745544128872654e-01
-9.785740297437717228e-01
-8.887057153988222602e-01
-9.738227282231263215e-01
-9.651301042481753578e-01
-7.315163750048727653e-01
-7.586261437776501415e-01
-7.635638532373680842e-01
-8.762429169911533089e-01
-9.145887941701819068e-01
-9.750286122412002987e-01
-9.300078997181524532e-01
-8.805206026000613750e-01
-9.323930495513401695e-01
-8.000700228835972982e-01
-7.787854811577180625e-01
-8.500449905042815057e-01
-9.565011256979356613e-01
-2.363816885786081956e-01
-5.709408787922084505e-01
-9.478393562544478179e-01
-8.765233228552595790e-01
-8.296965157312546912e-01
-9.995821197732520647e-01
-9.096605160169545234e-01
-8.534752531825687827e-01
-8.867685785059838954e-01
-9.606247743850648835e-01
-9.093300383914639795e-01
-9.796175880049887708e-01
-9.518646024411260287e-01
-9.857663279133871415e-01
-7.847247962860156578e-01
-5.702755843226644528e-01
-9.498425551810029122e-01
-8.006348477735563129e-01
-9.924054781189244334e-01
-8.777004969906860854e-01
-8.935427628993175553e-01
-8.575291194093896952e-01
-9.367653982989563310e-01
-9.492323577352512753e-01
-9.562205445558854544e-01
-9.263841204008588237e-01
-9.793564964011374219e-01
-8.408182525665477414e-01
