-5.495818815232930143e-01
7.686844202771669909e-01
-5.635823696902642066e-01
1.218878308520260356e-02
1.954924598974905336e-02
9.573522870419302055e-01
-5.911024192987404113e-01
-9.206877022647360631e-01
-7.137897186979471620e-01
-7.994828502808120074e-01
-9.957745377139188836e-01
1.715137576797442498e-01
-7.930154881991137161e-01
-5.456164090542403589e-01
-2.504273370346016270e-01
-7.739040431113772822e-01
8.074001811932376427e-01
8.683941632555642887e-01
7.877202024047982309e-01
1.040186944344727027e-01
-9.996475440432317505e-01
-8.086868715736090785e-01
-6.336363761154384378e-01
4.772539364350804614e-01
-5.323291442228995640e-01
-9.786406902645984340e-01
1.931578921614264810e-01
4.022338753466165318e-01
8.030094388344056755e-01
8.206007310313989667e-01
9.358138376268062553e-01
9.578315167021950183e-01
6.565996717374226188e-01
4.663787137122169524e-01
8.043618436862416399e-01
5.759458376821274816e-02
9.838315958643952808e-01
-7.357921727674737733e-01
-9.979351575593780055e-01
3.572606430355343421e-01
-8.911760554631993347e-01
-9.999878577029630566e-01
-9.620419889289403281e-01
-9.397879567628770747e-01
-9.546842451749523173e-01
2.465703429663046453e-01
-2.094877367231776644e-01
2.227013818740294360e-01
-4.360489922925971928e-01
8.491679661405916457e-01
-9.693653331242160220e-01
9.137504907599504067e-01
-4.110448513191318765e-01
1.805782818382460908e-01
-8.957691090141736145e-01
-4.423981939634207827e-01
-9.120686258163750448e-01
2.566974566460956120e-01
-4.679327199563651507e-01
2.757657578726994685e-01
-9.625731912741125607e-01
7.705253534685311267e-01
-7.195529514183700570e-01
-5.831112193769465435e-01
1.007642430786203636e-01
7.387733005804838493e-01
-9.383525404097707856e-01
-3.121814603475019378e-01
5.055748932051024047e-01
4.227599345795222119e-01
9.938951153554880236e-01
7.506272093350787600e-01
-5.885657194793918467e-01
-9.791882626426456904e-01
9.994421743491389565e-01
5.022039693858098008e-01
2.321679897474671073e-01
-9.300892755802828704e-01
6.246786833204804879e-01
9.573415477145753583e-01
-4.396170071584541428e-01
7.699580110021967405e-01
-9.739129586644158509e-01
9.769580276321574441e-01
-4.384032364039871510e-01
9.997165699443075759e-01
-9.982814014268089897e-01
7.882658431330984428e-01
9.894164662432961554e-01
-9.955305968976939646e-01
9.995708459398402468e-01
-5.966862304924420712e-01
-7.459700626514622623e-01
-7.379079162508911383e-01
3.495049463055997507e-01
-8.967176351353919328e-01
-8.701555945093549793e-01
-4.903016830580423924e-01
-5.515205861747474181e-03
-1.055447602129541140e-01
6.309157741395847729e-01
3.902587617733103698e-01
-8.584880910343030136e-01
-7.368987926300112346e-01
4.470618419918367947e-01
-1.816590398889458835e-01
-1.358384368616459281e-01
-2.869456393461746191e-01
-6.524321615634912641e-01
2.968885994731726430e-01
-3.477415957607583596e-01
8.303485096740301774e-01
8.091825087092193725e-01
9.210451903669142348e-01
-9.939111119036356801e-01
-3.081658150976163135e-02
-7.311744499430481437e-01
7.889102417271006695e-01
2.878799123292823392e-01
-6.082118850078458427e-01
9.734727069561242008e-01
8.628836180504575459e-01
-3.816935517772383490e-01
9.883576643599497613e-01
-3.433297111422594639e-01
-3.892864916033385025e-01
9.730213738222198705e-01
-3.602293816169793716e-02
-2.766345743002973090e-01
-9.846736824900303997e-01
-1.965322942466822820e-01
-7.559466802635551597e-01
-5.238729012373547489e-01
-7.597674712040108913e-01
-6.838811244912679221e-01
4.512749250379288757e-02
-6.252580207313487293e-01
4.918088714085466773e-01
3.135656822992436976e-01
-4.860051885139180516e-01
4.855967740158289581e-01
7.162247022416909914e-01
-9.658179612904563838e-01
1.925303186902836972e-01
6.921295515380161412e-01
-4.842128775039292177e-01
2.847834520756838961e-01
2.670302995615573272e-01
-9.493691719030483700e-01
-6.218437504269002103e-01
6.796501016941373097e-01
-6.357796268654272165e-01
5.285548007535550985e-02
-9.421390055933430707e-01
-9.955874451648110135e-01
-2.780377768391342763e-01
-7.390089069832188606e-01
-8.842261636138739611e-01
9.907497536996416887e-01
9.938267781594448680e-01
1.595681648396128360e-01
-8.873583178215300737e-01
-3.439476415381888530e-01
-5.986710795148020292e-01
-6.366680047988768631e-01
-6.687309305198808618e-01
-1.560952282831034599e-01
2.306409867101394395e-01
9.043223713680370590e-02
3.867982114294162277e-01
5.102295676596825258e-01
-7.232068616376507997e-01
-9.623920549675082370e-01
9.422089379774163387e-01
-9.818678786216550325e-02
6.225208453497561578e-01
-2.983864486563616580e-01
3.942122797470560269e-01
-9.185287415712315440e-01
-3.050189539950320938e-01
4.589183694734295105e-01
-9.102141706877291405e-01
9.374606998843265648e-02
-9.993679241435318161e-01
4.678238494142020198e-01
9.881562630848632622e-01
-2.519127225138263482e-01
-3.341381808176762114e-01
5.240416436651973431e-01
-5.305308819002655385e-01
9.399316027328828982e-01
-4.066498814130429795e-01
8.199338562344790082e-01
1.521711922724331978e-01
-5.570470336768595931e-01
8.737253917349293575e-01
-2.160518642749893470e-01
9.992955155533312928e-01
-1.540430200853367682e-01
-5.421275589550410556e-01
-7.617791469823371742e-01
-9.252947905423004604e-01
-9.688521568730571465e-01
9.675244616197367087e-01
-2.857754078733654723e-01
-2.213902268979160426e-01
-9.057437574499562771e-01
-1.582723366652952768e-01
-9.654026015151595530e-01
8.852490096146794496e-01
2.533265584102436518e-01
-8.307708537516705904e-01
9.989941457308135764e-01
7.134679992671799642e-02
7.027373673926131659e-01
4.640957098288902571e-01
-9.333451584944393309e-01
6.594011867115872061e-01
3.834990836232217148e-01
-1.040162445608343034e-01
-8.595449417814472470e-01
-2.011934737340615453e-01
9.020631139599123438e-01
5.335160545593826686e-01
-7.162684926737512559e-01
-9.863624233012202591e-02
-5.564116575857002145e-01
-9.971437124066612201e-01
6.799153605608549977e-01
2.804933836913287570e-01
-4.278979557351181295e-02
7.845735017369663833e-01
1.310278435055943214e-01
8.464338335864873830e-01
-2.651665639885106840e-01
-9.862836214564685289e-01
-7.091281449225468325e-01
6.465822942173073962e-01
-5.620511860063065468e-02
-6.662515578362732116e-01
-9.520843214791087084e-01
-3.843035146444406802e-01
5.624224239025710226e-01
-8.314991223099358342e-01
-8.247571228253911535e-01
-1.526129010076920367e-01
5.362333603286514316e-01
-8.320166409435141297e-01
-3.543443673952290096e-01
-5.637250006917317036e-01
-9.999114447039794129e-01
9.363852039150235562e-01
-4.691272127726533459e-01
7.850414621076593491e-01
-7.861886364579540043e-01
5.028828869527846024e-02
-3.648381213951213953e-01
-3.954813278143787247e-01
-8.813084107704250991e-01
-1.421661707155368326e-01
-6.104858020879545544e-01
-7.466950854564562423e-01
-9.162727083063468836e-01
-6.660266224034663285e-01
5.617128607087094050e-01
9.755145301813604730e-01
-8.358163381181743512e-01
5.912281333692039897e-01
5.586694840924449901e-02
-9.702020547877385770e-01
-1.499444297203865739e-01
8.935102918598523125e-01
5.181634750859971383e-01
8.447141342533224240e-01
-8.446263048775430882e-01
7.275203494937005910e-01
9.877220736846332727e-01
3.083843931832014329e-02
8.634171827102293806e-01
-4.512880128553888315e-01
-8.063928035810834505e-01
-4.933318170792762580e-01
9.408645312383089321e-01
-5.823422327634741880e-01
-7.195303683782358073e-01
-6.272716989952384914e-01
7.662505688651471969e-02
8.623741895902864441e-01
7.890422116241717632e-01
9.141828379495320345e-01
-8.699273388933032036e-01
8.785685971191430355e-01
-1.272948654436591998e-01
-9.220022145615619502e-02
7.732975160459101271e-01
9.752322148242058564e-01
-5.301881415756193316e-01
5.435969176068442543e-01
-7.058057557117772829e-01
9.759719995909044155e-01
2.232107498773234777e-01
6.835930257654515563e-02
-1.653096583413348752e-01
-9.709673942484808862e-02
4.388688347085569763e-01
7.861051134429934972e-01
9.569094976180381185e-01
6.741416250536278465e-01
-2.653790028875069318e-02
9.376624136834862400e-01
8.393893919119423952e-01
-5.932207503663844417e-02
9.989311734671798559e-01
2.887393444535967801e-01
-9.996527971623885289e-01
6.790981356627382448e-01
-8.144821055244417796e-01
-1.979427893232121871e-01
9.924924801436555422e-01
-9.942337351999480655e-01
-5.728052687455766900e-01
-9.732316640893956539e-01
-3.664747061929956584e-01
-9.759995410067586752e-01
8.813868645854258110e-01
-9.647534458740911756e-01
-4.309934098126165791e-01
2.312520546033500768e-01
-8.731111542178381368e-01
4.891130615918440339e-01
1.734538042483100839e-01
9.909187488302321212e-01
-2.615212012931342200e-01
8.437944656466253024e-01
5.912494564134486152e-01
6.123081733441707586e-01
6.425260238025878312e-01
9.298170653272906927e-01
-5.051063925430940849e-01
5.120752694531537363e-01
6.144868672856110825e-01
2.783978085142705394e-01
-7.973812760379378473e-01
1.922196476078860683e-01
9.682059295475479166e-01
-8.214028209531389901e-01
-1.772039434218108944e-02
-5.807066892972970740e-01
-9.605960176174641596e-01
-6.555929390009211932e-01
8.835925938111959255e-01
9.991029221684611938e-01
-6.436126061043938584e-01
-8.978195818702584541e-01
-4.825497321179036403e-01
1.764436523378659638e-02
7.143986303553325756e-01
8.930505047371091187e-01
5.331615930677242599e-01
-1.029702919987074416e-01
6.796926631898838611e-01
2.944292105273854654e-01
-3.093402724014058247e-01
5.635332632575147382e-01
-7.707062096053453049e-01
6.662890905399150299e-01
-2.178947808474205328e-01
-7.538477498278894906e-01
1.843960890710760747e-02
-1.690161455023054260e-01
-2.056039433984889753e-01
-9.984699745011940131e-01
9.208286751065153375e-01
8.866763580987055970e-01
9.975539134175921419e-01
-5.153861345914607650e-01
-1.299790362593073456e-01
-8.546792816352315469e-01
-3.060774981164640085e-01
-1.374505851206381801e-01
-2.593924781805028168e-01
9.906429135842630407e-01
8.144797315709725316e-01
8.611039296814937405e-01
1.486790760930654098e-01
3.540928126164435419e-01
-6.672689874189128290e-01
5.007161410623273134e-01
2.573301766838729798e-01
7.376256444346560581e-01
-9.524804407866719336e-01
3.619148432735800336e-01
4.646028179857986107e-01
9.978193101350228966e-01
-7.636761029401507583e-01
-1.976534327163052551e-01
9.920976634403176897e-01
-4.267153489240443909e-01
-1.111196211748087248e-01
-4.811758914734606263e-01
1.236114610210842790e-01
-2.143945432231792458e-01
-8.898479302711573835e-01
-2.189159706760577251e-01
8.647340860249173033e-01
-3.934190788991094867e-01
-5.005550431472665096e-01
8.820193923976239470e-01
-8.770032734990627077e-01
-4.820230134937170119e-01
8.570007455661988738e-01
4.786667597639781557e-01
-3.059662434348328630e-01
4.748642348724416151e-01
9.948002987177322343e-01
-7.447902506615211582e-01
-8.451373476180074062e-01
-8.826812977655381642e-01
6.540244119239446707e-01
-8.793861556832687221e-01
-1.852773452783996189e-01
-7.232066570739216216e-01
-8.620448371713829161e-01
-5.531595456242249798e-02
9.373789549766392559e-01
-1.202826506397448592e-01
-3.056165726281244721e-01
-9.933109664445060050e-01
-3.986386054606413931e-01
9.004960874838600082e-01
-7.563803143325947831e-01
-1.556130848686720913e-03
9.128125951542330752e-01
1.376927359799487993e-01
9.948879316713289400e-01
-7.117324997597503922e-01
3.928922810695612000e-01
6.478837272464652575e-01
9.955705511302981314e-01
-3.369866574989611174e-01
-4.060651887649209257e-01
-4.215063580398642484e-01
9.059684569664342435e-01
9.797440046234776601e-01
8.892840447752242694e-02
4.416121909618500596e-01
1.120096605384398036e-01
-1.573390743093869837e-01
8.351436577866470090e-01
8.554893208282988715e-01
9.952231050889400743e-01
-3.800206472988292283e-01
8.809002543292413501e-01
9.522236339244645187e-01
9.837264883247349712e-01
9.970320403588084357e-01
-9.105020749843246719e-01
8.320003587196669326e-01
-7.571567838410192541e-01
5.037245065196466198e-02
5.505181456805239293e-01
-7.927259070991007350e-01
6.183871788190347107e-01
5.410173176219938984e-01
-1.914430122616855856e-01
2.192051908290864604e-01
-1.311437370053549767e-01
3.676838803843517911e-01
-9.327265213809553535e-01
-2.461246963756399952e-01
4.974130813420234443e-01
-7.654309092325526365e-01
9.566479927097385483e-01
9.879291783553030282e-01
-9.267399809958044576e-01
-6.040591660960137332e-01
7.297944315115425518e-01
6.064918028021272223e-01
1.449533381286697842e-01
9.725090628591934738e-01
9.579003804005860045e-01
6.182512078798019228e-01
8.696310048342092980e-01
-7.153267012801376445e-01
7.451061207237384965e-01
-9.816261827947502239e-01
-4.316670766967501405e-01
-1.079198260724915093e-01
7.776116245375592761e-01
6.069609363316506023e-01
-9.671364941677553784e-01
6.352901628576032023e-01
-5.942303343726662579e-01
-1.518064057393895272e-01
9.076885049961079810e-01
-6.018370867429803095e-01
4.792153255604037487e-01
7.300108770275985925e-01
6.658761412907168165e-01
-7.629655531292190984e-01
-9.571069335619708518e-01
8.172413709032559925e-01
-6.066073247908140287e-01
-7.005333244905548318e-02
-9.338605216640935014e-01
-8.391924286394311094e-01
7.299066726877815325e-01
8.762943290783892225e-01
-1.504335622578443221e-01
-2.819492957011809353e-01
8.944332405625547988e-01
-9.977650300722548105e-01
5.114943462114437400e-01
2.226606884220924676e-01
8.518573982203999639e-01
-9.509901160684141042e-01
8.566077187913232471e-01
7.471463952809159759e-01
-6.514354982941938932e-01
6.535234872279800378e-01
-9.000141151590966837e-01
-9.615798138224568303e-01
-5.200589773250043901e-01
-8.968868975055728221e-01
4.122741486323020510e-01
-8.883953100798865909e-01
-3.316863010825643610e-01
-1.358830605218669385e-01
-5.963846114183583014e-01
9.459464322458845942e-01
-9.315197389057153776e-01
-2.209613934365644572e-01
4.858232404657606418e-01
-6.717579797951941378e-01
-3.860192940754147428e-01
4.361157010450614213e-01
-2.826595572244442467e-01
4.126087142251233519e-01
-9.276862393027890397e-01
8.491195447878778779e-01
-9.995701156136979071e-01
-6.429264212204827134e-01
4.125813023707744498e-01
5.926543148200832389e-01
9.976613551110585787e-01
9.477715292608231978e-01
5.813327618029526800e-01
-8.506585962296873138e-01
1.680984183174233371e-02
-6.794374464001380343e-01
-3.717151092158667569e-01
4.772138148346816711e-01
3.554965348897177746e-01
-5.727419017851718142e-01
9.586719514312339596e-01
-8.752814148830988517e-01
7.961191709055372989e-01
-9.648063636933759124e-01
-1.672718494302318781e-01
-4.110507566224827491e-01
3.592182809852852432e-01
-9.619827234114269876e-01
-8.907154498550301502e-01
-6.746515747286510045e-01
3.150446785370955571e-01
5.445083816739901827e-01
-9.964500555726564235e-01
-5.483266373642063929e-01
-9.151771233480885392e-01
-9.889232610312873595e-01
8.739190266940884966e-01
7.138035262605224585e-01
-6.433307180282237248e-01
4.537204683668318861e-01
-9.552841492066393991e-01
-7.482506477342021345e-01
-9.955536559317114120e-01
4.403178884575836838e-02
7.784942789624742510e-01
1.978926304619893495e-02
-6.798474308180129100e-01
-4.861456612853428672e-01
7.067235008104526539e-01
-6.927203985878662706e-01
-6.735031743268000692e-01
9.943899734108603283e-01
4.679912626188066915e-01
8.890535333039467636e-01
1.535775132557748446e-02
9.826171271757720982e-01
-9.981231139908353089e-01
-5.160162853488868828e-01
-9.357020209638324815e-01
-3.965276889532550753e-01
-9.797234545036350717e-01
-9.993851738017148767e-01
1.800561143273441966e-01
-6.416590879971246775e-01
-4.701363096835116107e-01
4.329974719953280649e-01
-6.789050616166145691e-01
-1.805324032809286217e-01
6.344149103797939171e-01
-9.965209337204907758e-01
9.507427695170491688e-01
1.304675354181396019e-01
6.006800186875014269e-01
4.169110185728009399e-01
-9.328294832784456148e-01
-3.617285082940198127e-01
-9.759659752498613949e-01
8.597387375810949806e-01
8.259698427596823267e-01
-8.957631050997642008e-01
3.810914398105380574e-02
-7.575140866070104728e-01
-2.746023534120233256e-01
-8.583654496724129057e-01
7.980469069469938725e-01
-9.626783059742772819e-01
-7.532957732637466375e-01
-9.163498737688743345e-01
5.786924016380529112e-01
-8.922327109866412531e-01
-9.852948722953910332e-01
9.034867253830494160e-01
-5.942064685486613262e-01
9.978059181352180174e-01
8.552155691178958685e-01
-5.387224115561630722e-01
-1.623721916804704568e-01
8.237814309848394689e-01
7.685729379664248961e-01
4.197566247009337781e-01
-8.105720615076150715e-01
9.398496948389292172e-01
-7.832667553894264723e-01
-5.389953884333311684e-01
7.926325174209529756e-01
4.088040120503874664e-01
6.409341212824650746e-01
3.843540300552698574e-01
9.103325118254995685e-02
-9.986227048436655540e-01
9.950020069883771523e-01
5.525100116437853259e-01
-9.473088922332711936e-01
4.768201906539414336e-01
6.593159011462962349e-01
7.414623301778130449e-01
-9.126010118076770539e-01
-7.726093921552705801e-01
-9.475447779385267610e-01
-5.837947574902124792e-01
-1.288549639330228147e-01
9.993591500771721314e-01
-9.649861298686479572e-01
-8.765518545603977474e-01
-1.134608442979118115e-01
5.078359963764546015e-01
9.795016849159662309e-01
7.357654306143697198e-01
4.306921318485070760e-01
-7.795419664104986657e-01
-6.777051673875219562e-01
-1.943746095716675226e-01
-6.086320896370631672e-01
4.361404291924528831e-01
6.873307979686110736e-02
-9.946533176421942235e-01
-8.987875977742237898e-01
-6.340039195810898143e-01
-4.238231870206496943e-01
4.172899827171464571e-01
-7.744971063155867697e-01
9.362555496967622792e-02
-9.588615534675261065e-01
-6.976745399454298280e-01
-8.897798796656259945e-01
-9.378163526921948767e-01
9.917030392184760235e-01
9.924418621613967373e-02
-2.663358525451036130e-01
-7.314873358862717945e-01
9.812872972473408728e-01
7.378881401644621363e-01
-9.344942928364950996e-01
2.270646018798541110e-01
5.611679340694893936e-01
4.806629953252313792e-01
8.349284044796929649e-01
-9.761002650938069847e-01
-9.053543839734506937e-01
-4.679508148449387783e-01
-7.776708160261704972e-01
-6.309901892855434014e-01
-2.590867097374564554e-01
-7.651256438711211416e-01
9.816775629573433193e-01
6.706196344013788391e-01
9.509195282627617152e-01
-9.433698358176672016e-01
5.349728732816579901e-01
-9.476257887172138128e-01
-9.682725877731651609e-01
4.485059082238151973e-01
-4.270182310382162338e-01
-4.212728559356351266e-01
8.447123476300577583e-01
7.815550371652719708e-01
-5.209861260382739889e-01
-2.446699315465316049e-01
8.223893253627656552e-01
-9.999934240508315808e-01
-3.966820296313438576e-01
-1.841476534515723018e-01
-1.229403520940025030e-01
9.998749799244904812e-01
-9.486161875939207455e-01
1.538148078899509441e-01
9.158034730143510549e-01
-2.255493126397165593e-01
7.897275312100834332e-01
9.341913792767736480e-01
-6.846743006886815142e-01
-9.998930254013849162e-01
-8.787211868697877293e-01
5.471988566522826281e-01
-3.389764710875824982e-01
-7.592320989343659399e-01
9.606727633688232348e-01
7.665666677853845146e-01
-9.664575260486349961e-01
-9.778071562651879933e-01
-9.922547385891934413e-01
-8.450653150934666069e-01
7.522553189759932923e-01
-8.486581883310085894e-01
7.536864133878349303e-01
3.727741476800366383e-01
-8.376608315768679924e-01
-8.366699581634386984e-01
-9.011302266125942317e-01
-8.933692222897302582e-01
-9.918891285705168093e-01
7.172037368375614452e-01
3.347698457039429143e-01
-4.978979998023400633e-01
-9.880602715362756250e-01
-4.764058417747443208e-01
-2.675570581881072107e-01
6.201086672974603919e-02
3.133716062768628907e-01
8.442917067726013469e-01
-9.742541961514448179e-01
-8.402867845083794585e-02
-9.129953092988901675e-01
9.565617956938967659e-01
-7.479924913175017842e-02
-5.908699511237271995e-01
3.521515389712786548e-01
-9.951243827482323390e-01
9.986656005891870747e-01
-9.175136816191520328e-01
4.178303264910976367e-02
-8.252495851985038877e-01
-9.588812723364448232e-01
-5.244337978533279987e-01
-9.581676555135005824e-01
-9.381648146420227263e-01
8.782514608596408978e-01
-8.866564139977600734e-01
9.395735033235249611e-01
-1.924899636541407277e-01
-5.504255342709598597e-01
-9.191837274012181203e-01
-6.294672947509148964e-01
-9.934717504319734438e-01
-9.995818279350963120e-01
-7.294097854187988617e-01
-3.187679000466273060e-01
9.359441208625236541e-01
8.692676693885987849e-01
-9.684421482189333741e-01
7.667950436323849317e-01
-3.904404316811335707e-01
6.521290337724671149e-01
-9.995261616595588761e-01
2.131267664882081636e-01
-9.803846053712674813e-01
-8.534014875727637950e-01
8.740413575149377223e-01
-6.551360868165314599e-01
-9.994870313505431758e-01
-3.028789820354040874e-01
-3.083011688718853005e-01
-5.229530258846697421e-01
3.622897210676447877e-01
5.808996360780368517e-01
-8.638964809481561868e-01
6.381248616153889497e-01
-2.180987430783201675e-01
9.420340897767309762e-01
8.993835034766949343e-01
6.065519686202509586e-01
6.931115527552924593e-01
-9.992848829517932963e-01
6.558864575533979169e-01
5.091556195983533151e-01
3.371536346592827749e-01
4.684059030076546115e-01
7.790442292535808555e-01
-4.093522142029268895e-01
4.304920498346152535e-01
-4.473986681945580357e-01
-3.105237549251345652e-01
9.892527979462421017e-01
-9.771100133810793897e-01
-2.690545761834089999e-02
1.089403638168902622e-01
3.242083789289523788e-02
-8.290770296751303059e-01
-4.542964155878408405e-01
-6.644848963950217291e-02
-2.965987933186055581e-01
2.634880660318509871e-01
8.891358552266694915e-01
-7.742656551297169010e-01
-4.157101848621908013e-01
-9.297672775818175417e-01
-8.237517619942751335e-01
7.932147104836263507e-01
-2.161056008029496045e-01
-9.902100877182817840e-01
-9.712785662525827979e-01
2.033760720549084300e-01
-8.547073895997236992e-01
-9.690205630294480565e-01
-8.955889865088720869e-01
-4.479382296946241016e-01
3.805772248531055224e-01
-1.021500363186143567e-01
-4.568754776216475411e-01
6.976598969386618165e-01
-9.488551049199276388e-01
8.477845438601945283e-01
7.934905287214131242e-01
-5.939991451587468552e-01
-9.253787934992672159e-01
9.047245924012928819e-01
8.954646018830603182e-01
-7.534338199675495451e-01
-9.971665844332823214e-01
-4.214135919741097136e-01
9.706581103508831188e-01
9.446264000462689658e-01
-6.342496180382359849e-01
-1.201698266889411060e-01
9.173384439262982637e-01
-9.994193962800554942e-01
-1.958226342828273681e-01
-7.942559144095345802e-01
-9.774910873249758048e-01
-3.196122143798729720e-02
-9.075540885924595624e-01
-3.176223460828175860e-01
-6.392186673304760536e-01
-7.940534091943425299e-01
-4.443203179883792320e-01
7.856537378232339996e-01
-9.464584145835671647e-01
-5.042790842292002029e-01
-7.706440403691305896e-01
-9.855761508345034505e-02
9.940661853703903761e-01
-1.309736951781120817e-02
-9.752811302081686451e-01
-8.145621027977651973e-01
-6.879481137533860480e-01
9.485756397666895712e-01
-7.828396624687282701e-01
-8.750449582874351151e-01
6.280626421551108729e-01
9.400932283201482997e-01
-4.510633621922768843e-01
-2.110828462691460294e-01
3.442030999876640185e-01
7.989436175835255005e-01
6.739077979565408771e-01
-8.159275444473023109e-01
-9.952384441640216295e-01
-9.892487729045039702e-01
-6.384126808549707155e-01
-1.386983799503019310e-01
8.539471869114872993e-01
-4.982982276291939572e-01
9.476309762012246063e-01
-5.415781877886801654e-01
-9.871380835420446864e-01
-8.494946019448849084e-01
-9.148577868226336340e-01
-4.679460767145412481e-01
4.676026812353638040e-01
-5.189111419311950302e-01
4.147618671259098999e-01
2.997852702920280055e-01
-1.205484889130496451e-01
-3.051413280707005460e-01
-2.640714935882139680e-01
-9.711329164034571138e-01
3.884680829665921320e-01
3.442888522372861138e-02
-4.483575181875149029e-01
-7.070067582755030777e-01
9.288820107873220211e-01
-5.921320831401579721e-01
-9.770431682982269050e-01
-9.770983988854550217e-01
-9.153590344294010306e-01
6.892281928835991556e-01
-8.109269138210947192e-01
-3.335730971448442883e-01
-6.346180092274410489e-01
-7.670723949408808640e-02
9.995496587999226357e-01
2.547670542721863773e-01
5.614165432431704739e-01
7.658273190656219587e-01
-2.390893812429781828e-01
-9.797600743039213134e-01
-7.901242326427306839e-01
9.370222202259312905e-01
2.341503023155020458e-01
3.700532137396415622e-01
9.825872069937762188e-01
9.626951216714376702e-01
8.355600151750036675e-01
3.285694791241898782e-01
9.065005291573106083e-01
9.274411231872057293e-01
-8.892278180080612771e-01
9.810850860932838202e-01
-5.870920003739932280e-02
-8.306480815296958253e-01
-9.968861651021923009e-01
-6.749432728216557820e-01
-7.530030319891712898e-01
-9.634370226761626022e-01
-8.782259663833295038e-01
7.530835456553844898e-01
8.380779720327352633e-02
3.843780216856932941e-01
-7.378959048096426221e-01
-5.007289098229777968e-02
-4.251666089770729240e-01
5.703445543190281963e-01
-9.364457134944700334e-01
4.733271461400788138e-01
9.112269885126962343e-01
-6.860726362615118257e-01
-9.665041599197732314e-01
5.846256319832232595e-01
-9.977429024315701556e-01
9.902206206600026039e-01
2.355190348000629208e-01
9.837034220527626216e-01
-9.892319198908029465e-01
9.740669298535641341e-01
-2.077289057581374609e-01
-9.229880318757739399e-01
-9.641249988588175279e-01
3.300036062254435021e-01
9.998287967277726951e-01
-9.997663125833182729e-01
3.643739804126150950e-01
6.167795430014397784e-01
9.785105992017726351e-01
9.983084673784062835e-01
7.041599335776211888e-01
6.563863911146270436e-01
-8.382253619517616716e-01
-9.266090546782171922e-01
-1.736549339339229503e-01
9.906732587716537974e-01
-2.631058880428557289e-01
-7.513794480893460914e-01
4.403354103330120450e-01
8.419050047669891512e-01
-5.293063089198348781e-01
-9.948914168485664122e-01
-8.278850826024444221e-01
3.945341261075794859e-01
-7.396963334968167381e-01
8.135298574601671495e-01
5.332314479421557118e-02
-9.913528861162183015e-01
-1.951171367698367742e-01
1.295441625178122558e-01
-3.895162189454376978e-01
6.109190043675282178e-01
8.035593124801460041e-02
-7.017420357094477090e-01
5.062925699408291624e-01
-1.392995626214052485e-01
-9.675973239438919737e-01
1.739845043013509840e-01
9.586241407767975842e-01
8.897854068813990658e-01
-4.888506509412272605e-01
-6.282660019415708952e-02
2.434632434595095929e-01
9.109267777607841232e-01
9.587140913466437597e-01
-9.412879665722927447e-01
5.117855957730849115e-02
9.997598738584368983e-01
3.082519395499594417e-01
-7.951036132836855064e-01
-1.032016408240688521e-01
-6.821268327116023489e-01
-5.722113081171199545e-01
-4.745098011436748031e-01
8.575221643488045720e-01
-9.597169724115817147e-01
7.622742783980952508e-01
-9.836544849937706170e-01
9.964441726577661917e-01
3.821089769114690560e-01
9.754223011557200396e-01
1.125447716787292829e-01
9.896155684369923877e-01
9.999947196317867659e-01
-5.999918040060914226e-01
9.933629637372904941e-01
-9.960125404944456529e-01
6.005306597621545839e-01
-9.840292659936887842e-01
1.135519155572511374e-01
7.328316835046617683e-01
8.447223064678810456e-01
-4.337812648901115953e-01
-9.227899556695877692e-01
-2.440082722276897265e-01
-5.860330614151799677e-01
3.034991972090719248e-01
-9.994435114944311138e-01
-1.276970153299193389e-01
7.018657498712232989e-01
9.640182599840032562e-01
-9.461413404711274122e-01
-8.415797808302536431e-01
-7.457669856135192843e-01
-9.494843992603323457e-01
-3.041496817754549276e-01
-9.661215470742728906e-01
-5.622396666839818424e-01
3.616581048790451502e-02
9.878991737886440028e-01
-5.512774314098010109e-01
-4.995064810649114673e-01
8.706619809701267032e-01
4.760589680142442992e-01
3.546357063902937923e-01
-6.152205754521165026e-01
5.108993117256366290e-01
-9.978072545917988645e-01
-4.646161071147636434e-01
-4.780095701036038980e-01
7.187180681355468392e-01
8.662843077844438744e-01
8.559499196591816572e-01
5.516131889731932247e-01
-4.123277786205823969e-01
-8.623947763110024756e-01
-4.405010763064647894e-01
-2.044290563596834476e-02
-8.306230047709876052e-01
7.781833957460206896e-01
-9.926898416690559390e-01
-8.137728642266455203e-01
6.824316467256155150e-01
-1.508966651946428983e-01
-6.642589191979959562e-01
6.304627840450240939e-01
-5.709972474588174141e-01
-8.506513590207529507e-01
-3.785707341519428115e-01
3.236495219343730190e-01
-9.931709181753228810e-02
8.525838511393097896e-01
-9.955346367222673853e-01
-9.150439440765433252e-01
5.863813566337530148e-01
-6.713601643506463823e-01
4.667211703237392761e-01
6.499122318570840218e-01
1.539275428169218918e-01
9.219669245903365784e-01
9.994841472456263975e-01
-4.661489841357380204e-01
9.999916355146437619e-01
6.570848480944816439e-01
-9.951825371150515576e-01
6.484157434362293193e-01
-5.014608167515740567e-01
-1.414239933820634620e-01
1.169445261141375814e-01
6.409167166619392786e-01
-1.639241281565222419e-01
9.957464092289838309e-01
-4.755675429930032450e-01
-4.244296652541714732e-01
-2.915177982253776001e-01
-6.532985913979354464e-01
-7.923821220455228298e-01
-3.779050653690105843e-01
-9.945657481344803985e-01
-7.260748441738791303e-01
-9.999781357772851154e-01
-8.838477802972269926e-01
-7.612198145232207391e-02
9.729757235573079921e-01
5.447897070936531527e-01
9.026104879873513287e-01
7.315519750559057455e-02
-5.193387533612094931e-01
-4.221375949356808155e-01
-9.460495256667560415e-01
5.402201941577473576e-01
-7.605494980718001674e-01
4.625117259079090659e-01
9.046573495015244326e-01
5.373076295102150457e-01
-7.748976130300403442e-01
3.713438019086225395e-01
9.921345608031469920e-01
9.984490518154910399e-01
5.084248322214983684e-01
-7.669441131173314607e-01
-8.216465700669730587e-01
-3.984677282659983555e-01
-2.034368984299165795e-01
8.758969317507470098e-03
-6.441492251130966906e-01
-8.455300875894572465e-01
6.144189428750767012e-01
2.705275783911756382e-01
3.979889171666929903e-01
-4.144300345049756196e-01
7.658343113422276804e-01
2.895723783962311781e-01
4.790022352810986983e-01
-9.693754478782634632e-01
9.183974529601610648e-01
1.740391540962669681e-01
7.829503931507951764e-01
-8.971716348523410822e-01
-7.594161710820708233e-01
9.103304710245552211e-01
2.002835579859308379e-01
9.164437777929658191e-01
9.733407783285252801e-01
-9.630022648740954594e-02
-1.343442847107901850e-01
-9.404969587241326368e-01
5.529280071314812695e-01
-9.592432127225909433e-01
-9.943533120530579916e-01
-3.976432206061262797e-01
-6.095197207162078579e-01
-3.734625975494750283e-01
5.633591667724285879e-01
-8.659493401001274737e-01
8.970705574430783980e-01
-6.496031116863330013e-01
1.867042364540266175e-01
-8.366965790657866497e-01
-7.791934539643228241e-01
-3.627917608916338410e-01
-9.624499209194558036e-01
-5.329392146342606384e-01
-9.719058976351276913e-01
8.445947595182706769e-01
4.291682937135589682e-01
9.990139448922572551e-01
7.506897322221386393e-01
4.704069716507958132e-02
-2.490816344821145112e-02
-2.929449216057586902e-01
-7.115013640200951173e-01
6.489090031223849753e-01
9.776360894225786247e-01
5.615484141246243066e-01
-2.275343219457343080e-02
9.876928071304712509e-01
-8.915068471190132904e-01
-8.947807820748506780e-01
-8.295575770067656896e-01
-9.907765397117457296e-01
7.953057411538820842e-01
6.993969205629452235e-01
-3.517893505019291100e-01
-8.049121031598134302e-01
9.091070986183088509e-01
-9.904393353802507516e-01
8.585544233880235687e-01
-5.807806543732731974e-01
-8.066305102464360610e-01
5.717677494201197641e-01
9.999012194393217534e-01
8.905455719947886761e-01
-7.147054263104144489e-01
-2.798337746288899752e-01
-7.649351214969364321e-01
-7.394687164636533083e-01
8.410531119307714798e-01
1.208775924036035176e-01
-6.857477286036541830e-01
3.329224654809580519e-01
-6.391106172904419402e-01
2.104572308406608139e-01
-3.239729722911661169e-01
6.103460820302782919e-01
7.171727601983017841e-01
9.998698521621063318e-01
4.718459347324773234e-01
9.670101209487584892e-01
-7.666439580328798797e-01
-8.945900355358421541e-01
5.729432365035300734e-01
-9.425242177725207116e-01
-9.240137899952125533e-01
9.269412667690053453e-01
-8.871572976290447166e-01
-7.905095517265430249e-01
-9.575584167987546413e-01
1.246501395805522661e-01
9.006744546964472464e-01
-3.901664697627256206e-01
7.063203174405303653e-01
1.117005364355490582e-01
3.612764565959492025e-01
-3.954060031545589826e-01
6.750785094464054614e-01
-9.980316620997481403e-01
-9.960445692744099855e-01
-7.148749279171977555e-01
-6.003308866959977674e-01
-5.346881353501782286e-01
-6.587007173949896988e-01
-5.694642137052958741e-01
7.704864089069448641e-01
-9.281373631774039179e-01
9.927378560694398724e-01
-9.396534469004117485e-01
4.758397250803146350e-01
-9.993757713954589672e-01
-9.564519675063078985e-01
6.890505397869566284e-01
9.679445251534549710e-01
5.067947850578156110e-01
9.775226564944122787e-01
-8.384507791206657901e-01
3.422675922762541401e-02
6.004258902509381768e-01
9.015540603933290820e-01
8.653292469360925887e-01
3.947160046770210595e-01
-7.102091705945051681e-02
-9.046591771515437586e-01
-9.991938031938479847e-01
2.816551894337978035e-01
7.795056760675300733e-01
-3.849652749566453980e-01
7.249143951043309775e-01
-4.993296440110412404e-01
4.051402690637080362e-01
-3.615767676870527692e-01
-9.919205411067888445e-01
6.868393623362054612e-01
6.039083645849158133e-01
-7.376068987835495694e-01
-6.744127649271502989e-01
-6.715190774655648287e-01
2.227256293580559543e-02
3.329266530279765823e-01
2.748436347644034328e-02
-5.939385927630836948e-01
9.137915605828321741e-01
-9.616726227690969298e-01
-9.810144503261809534e-01
9.278366586533830507e-01
6.131636254291457089e-01
9.999768252832605953e-01
-6.410076929460583051e-01
7.839458982382860874e-01
-6.354078590865832599e-01
4.491086090268986419e-01
6.659978550490472937e-01
5.114108940874977360e-01
-4.604431295425892579e-01
9.873688580895307876e-01
-5.870490842120967834e-01
7.915964622061868461e-01
-9.312025052850364526e-01
-7.986880692085219779e-01
9.321929510289878040e-01
-7.904814786298530738e-01
-6.217206603830887079e-01
-3.504157673051411792e-01
-9.393722594248499203e-01
9.541581973356890733e-01
-9.671046894420867179e-01
1.053928748918668279e-01
-9.776493011599330929e-01
-7.635202534988848599e-01
6.131376100318836064e-01
-9.824067527416521228e-01
1.799548503147676004e-01
-9.812492374888112101e-01
9.998344892464245959e-01
4.899341167682735865e-01
-8.992439996353728260e-01
9.348585822941117840e-01
8.161675053562679194e-01
9.909465198620933668e-01
8.198561282377131443e-01
-9.350874051089207439e-01
7.670541629430696062e-01
-7.412559411724313208e-01
5.903609480629845585e-01
-9.977047883399486894e-01
2.452188717778140403e-01
-1.816299122147189138e-01
-8.891980592377913828e-01
-1.368405053868160803e-01
-6.442098016322453935e-01
-9.319786547571453639e-01
5.428984268023793192e-01
1.840888774265826422e-01
-2.912227728888004408e-01
4.051532888406461641e-02
-9.959578889194119489e-01
-6.059036069270073988e-01
-9.916529399899076669e-01
-5.419833528876810691e-01
-9.344913370339926750e-01
5.889691469760055531e-01
-1.440458505308691572e-01
-1.290602406627627818e-02
1.028436667840174623e-01
-5.915281629354871562e-01
6.265427989296543654e-01
-1.115441561455049468e-02
-1.802635924660094258e-01
7.068043050364423152e-01
5.972591959272184337e-01
-2.292032691861016214e-01
-6.128707117793419368e-01
9.922061662573391505e-01
-1.900490570293587589e-01
9.433810447547072986e-01
-9.954376501356398954e-01
9.212781963563774212e-01
-7.325460247658782675e-01
-9.990221422517417960e-01
-6.805419378400530128e-01
9.978649015316973792e-01
-8.017260928484823967e-01
-9.992565955509348230e-01
-9.568842615185777500e-01
-4.459519235187069386e-01
-7.965427210431546001e-01
5.085949859736799139e-01
7.066307283196320288e-01
-3.164769830070043866e-01
-5.725632160250924141e-01
1.675127772229415002e-01
9.965193316284710612e-01
8.880514785254026711e-01
-9.603587514950815418e-01
-5.054622632770209290e-01
-8.369319872113998304e-01
8.399756818083347065e-01
5.702524464471805388e-01
2.232821248794217839e-01
9.058823329777228039e-01
9.314386593881698317e-01
-7.877000000570715255e-01
9.109166712169179947e-01
-4.131770454613676868e-01
-6.512620356490173013e-01
-5.919178149027641833e-01
-9.805423025310243679e-01
-9.435220635168622971e-02
3.028764411025653969e-01
-6.330639409813453300e-01
-1.577406357720373964e-01
-3.347475206844701678e-01
6.234044389101084382e-02
3.155468477212336476e-02
-9.907322614056514043e-01
-6.133951241915566177e-01
7.089617583998103489e-02
-1.490358458177453160e-01
-9.433014578735827715e-01
-6.937954925569986830e-01
-7.243608095107013645e-01
-9.071415777238202027e-01
2.280495396636587624e-01
3.798392047269152361e-01
1.182029479638430081e-01
-9.310094039963919821e-01
5.990083412882878378e-01
-6.614512061810693400e-01
-6.412209650580475984e-01
8.186299966758857627e-01
-4.898334646400862580e-01
8.685546847144981486e-01
-9.661008965342241517e-01
-5.616961867528367236e-01
6.862205749877444694e-01
-4.639738620187782159e-01
4.564807379020976441e-01
-9.940852778057376327e-01
9.992543136015763494e-01
8.585312182779969437e-03
8.708820359259707988e-01
1.517675062676413500e-01
-5.868685212274944440e-01
5.507374959536310843e-01
8.993243074779848634e-01
7.452060351503186908e-01
9.992859633285421372e-01
-7.489638437818531003e-01
7.555761211280210832e-01
8.945905007483723193e-01
2.361898724325681154e-01
4.716332845712699617e-01
-4.841834104856652110e-01
3.796992569524022532e-01
-9.463528978501014599e-01
-6.141036360619971379e-01
8.482283528354875868e-01
-9.098036447429335150e-01
-6.344083045924078235e-01
-1.743429894801969970e-01
-2.900921631832305558e-01
8.114954996090696371e-01
-4.478384197626141816e-01
1.294853143489732017e-01
-2.865380288672341180e-01
-9.934375284052494592e-01
7.406519880103316078e-01
9.942014731591526377e-01
-8.367954811551888694e-01
-5.050642579477379046e-01
9.513556818210971988e-01
-9.979780308045131942e-01
7.960424959266904077e-01
-9.833785968879520389e-01
-9.964771979983024774e-01
2.738600688573112896e-01
-9.638912668721163479e-01
-2.337975664566854794e-02
-1.117316356093411844e-01
-3.938112807480806388e-01
5.281002966364904960e-01
7.246428712870583988e-01
-8.154883347296948415e-02
1.185499514706917501e-01
2.148869654158548914e-01
-4.234861587786599713e-01
7.329729828977868955e-01
-8.011845082164642529e-02
1.582196624560299192e-01
9.996170502586598783e-01
-4.036784392960947598e-01
7.911808604120873500e-01
6.938440111462214066e-01
-3.747208360287521134e-01
4.584423131607023305e-01
-8.776764585316026990e-01
-4.056085540193330452e-01
3.702146328741470760e-01
9.998469083745346042e-01
-9.994740149658611905e-01
-7.470009690735872621e-01
5.891015612617880315e-01
-7.184351422767355499e-01
8.809112243383525609e-01
4.717659204426549735e-02
9.984813542656454377e-01
1.033514337982877063e-03
9.536820467454760752e-01
-9.996378418835933921e-01
-9.618611870537228103e-01
4.451750010881135311e-01
-9.465342183530502940e-01
-5.145416745616846477e-01
5.088487092179055926e-02
-6.030794032669340998e-01
-2.365717159532941816e-01
-8.934901533608439195e-01
5.926339616776605812e-01
-8.668635915749756116e-01
2.883039293131012260e-02
2.054135811046869375e-01
3.240098308649691505e-01
-3.336187134173023150e-01
-6.172667328907756046e-01
9.447825335610020581e-01
8.070314366011402951e-01
-9.641708167153676401e-01
9.651112621586300788e-01
9.752572373228793889e-01
-5.428884137134697419e-01
9.914782668812993638e-01
7.261696386351123023e-01
2.233904107264794714e-02
-4.298236701942574345e-01
5.014051177891366562e-01
-1.638270686542140919e-01
-4.983900879095165548e-01
-6.522126951120239546e-01
1.581498902214933944e-01
-3.638760092061731344e-01
8.631933668668690940e-01
-7.675934524521750291e-01
9.645090565942427974e-01
3.576207470578762759e-01
-5.329586966414350258e-01
9.590658859605812880e-01
7.650071959373239139e-01
-9.833049984104328400e-01
9.466395362985017270e-01
7.258865788544792697e-01
-9.943590954461890563e-01
4.786340235853356329e-01
9.813080925661263887e-01
5.217092321291890711e-01
7.492485866439781983e-01
9.067642555700958784e-01
-9.581301061376249484e-01
2.220468867200690588e-01
-8.732898258937610292e-01
-5.798076070509626811e-01
-7.157367637270850569e-01
9.942715598429920920e-01
7.002302536299686020e-01
8.996100499301772357e-01
9.992634751207845056e-01
-2.833484995179469390e-02
9.167650967320709610e-01
3.922305719714108685e-01
3.090996919352425043e-01
-7.329409626165064306e-01
-6.717382975547099289e-01
8.778947993325701971e-01
8.167930649998252912e-01
-4.487055117872006393e-01
7.636650500527495389e-01
-9.449436370581406619e-01
-6.040088549249928995e-01
8.706663560864175144e-01
4.141575028836416150e-01
-2.944918559721162454e-01
-7.062975218863740690e-01
4.471345223554809567e-01
8.009250623668311420e-01
9.744985724810845129e-01
5.131096114277121645e-01
9.316987952879175472e-01
9.999820203767907367e-01
-9.998277909127000207e-01
-9.733523129440428967e-01
-8.129132798605106514e-01
-4.560610031625460525e-01
9.646006160626546810e-01
-9.990797216475676423e-01
7.673661191269155468e-01
9.085321957256388137e-01
9.936507130096767781e-01
3.635009944747666921e-01
-1.999851343581723340e-01
8.988225008291007567e-01
-7.634280426481442339e-01
7.354137044845034943e-01
9.736097416530031801e-02
6.454213496403482520e-02
1.185002876895532853e-01
6.657779929485641013e-01
7.631671955307436361e-01
7.967393744988537918e-01
8.371490277997121199e-01
8.710121879808470080e-01
-9.820881417994941076e-01
3.030511720151016219e-01
8.706995240267049185e-01
8.975040970450127720e-01
-9.080719801538363889e-01
-3.423507572475360528e-01
5.237751518334146095e-01
-8.632331332093913234e-01
9.404079848551190057e-01
-8.023532840567542124e-01
8.492964441080019800e-01
4.447658294523355593e-01
6.781792882154902280e-02
9.835539617296652493e-01
-3.861341058165686513e-01
-3.722205577319393499e-01
-9.998821769699167694e-01
7.527962889331278884e-01
3.700340523843212437e-01
9.879688123578022063e-01
-8.553545900506295263e-01
-9.999392992755781195e-01
9.842891686792788475e-01
7.447329833510794028e-01
-8.740603156990224276e-01
9.907709089484989518e-01
-2.660256176083531932e-01
-7.621504031565107251e-01
-8.742903150838592374e-01
-5.407126220033814379e-02
-6.494990781389844425e-01
7.940753078771862761e-01
-3.479015176960147948e-01
-7.029838814206768038e-01
-3.755998526229010204e-01
-8.219234726809613312e-01
-8.626048800312555720e-01
5.327358067776060135e-01
9.110268293203938050e-01
4.919053401529348557e-01
7.941472606854602656e-01
-2.019648685102946040e-01
-5.319227912066970543e-01
7.542348914147685157e-01
5.348456690280719572e-01
-6.290978659298617215e-01
-5.719862177678991522e-01
5.372075083942623452e-01
5.200354385409393654e-01
-2.675780536019090605e-01
9.813361632294201886e-01
-2.532377473307463323e-01
-9.684894910990553551e-01
-2.749402197180206842e-01
8.464052420950036737e-01
-5.768540320682429279e-01
2.846653504376812638e-01
9.354098017194253378e-01
-3.616416474407501691e-01
-6.302591886630692919e-01
-8.313432174247373796e-01
5.005972956157078713e-01
-4.567999331911650196e-01
6.424714562779393345e-01
-9.032933098514965842e-01
-7.417755059506228044e-01
-1.963963069882921908e-01
-3.099307109383975245e-02
-9.140444605516397925e-01
-9.173566307886938942e-01
-5.450532389074775885e-01
8.172328188041030339e-01
9.752036412617464123e-01
-9.487730919241453842e-01
-1.202085950821568106e-01
-1.027131708340189853e-01
-8.407056913258353914e-01
7.757094012814520489e-01
7.741809071925445096e-01
-9.664583691874364391e-01
-9.517390788347526165e-01
-4.934521674989831297e-01
-6.229095114564006108e-01
-4.550595144277082005e-01
-8.288949795869534620e-01
-9.675408706427628402e-01
-9.914804750432700819e-01
9.449857550946282325e-01
9.983795369505322759e-01
-8.222298845879655316e-01
-8.933129400698215372e-01
1.624698221572721812e-01
-7.046895143537262873e-02
6.330540673323936662e-02
-1.022688460142258116e-01
-9.456723368044638312e-01
-9.006596536970583600e-01
-1.671078060703402590e-01
-9.133972053533484514e-01
7.564805195224136858e-01
-4.694951465787407519e-01
-6.027774204511332501e-02
-4.222063870097362281e-01
-9.692885369701753628e-01
-2.625558059723124282e-01
7.864059707857675718e-01
7.975383267792504061e-01
-7.715941603457010523e-03
9.925838928567722874e-01
-3.839757461066912181e-01
5.248679659969930356e-01
9.968184948713663118e-01
9.689885223422881610e-01
7.188478629311868540e-01
9.846206634473855246e-01
-8.684289416615742496e-01
1.199363103976521239e-01
2.747671587043603592e-01
-9.638975336154111950e-01
9.995239624043376070e-01
2.452645819474959521e-01
-7.329154632332790520e-01
9.329206333818722552e-01
-2.684671181267493378e-01
-6.338498068975809696e-01
7.308932380228161385e-02
9.003125692988621642e-01
-9.633830796925950679e-01
-7.942874414635727742e-01
-8.813465331945581349e-01
-6.821593877782425874e-01
-2.726666596655284436e-01
8.511524128463601180e-01
-4.386669435110057691e-01
-4.776113620247167679e-01
-9.269753069145081348e-01
7.046673517272004084e-01
4.839217318711974691e-01
-1.893775765447078263e-01
3.393172968089636088e-02
-2.908646011132896558e-01
-8.788231074057866188e-01
1.858131853579941817e-01
7.545289734327087494e-01
5.004136827716942904e-01
-7.757373014296233826e-01
9.348918797184149199e-01
-4.864023000403883690e-01
8.883414364619834913e-01
-6.377407560310260903e-02
-7.886782398067614386e-01
-4.124415824303359068e-01
6.148106524107201931e-01
6.492379356021678039e-01
-9.986613279975480317e-01
9.207531623496276740e-01
8.520015768655164745e-01
-3.062947057171916398e-03
3.137867450816433923e-01
-8.686059032403375957e-01
6.296474611294802237e-01
-1.759815880918482733e-01
-1.760022461403892291e-01
2.911446715987420775e-01
-5.639267608409895827e-01
-1.129008075541153011e-01
3.160462958094408248e-01
5.853480619043692768e-01
-9.708798147906414489e-01
-9.473940858778222562e-01
-7.973986591082445896e-01
6.315874773006722176e-01
-8.184544291486847145e-01
6.003617085641763662e-01
-9.431897624605711794e-01
5.911936168414244630e-01
9.695344538850955152e-01
-2.943502575011856526e-01
3.380971753018995329e-01
-3.551560352934374221e-01
-1.337953775549425295e-01
-7.264941783822609356e-01
-5.225743097271644544e-01
-8.942486203834876246e-01
9.998065057296430247e-01
-9.997390941911569184e-01
-9.925684013210529510e-01
3.051793773742422222e-01
-9.414997749191147403e-01
-9.943340913239121504e-01
9.078480245767734935e-01
1.968907744993790288e-01
-4.666757366587051536e-01
9.410677143775373343e-01
5.739261701328108867e-01
-7.062268400176224814e-01
-4.347895627920519979e-01
9.614425249443215860e-01
3.468624758377488182e-01
-8.856638877901560347e-01
4.996514570398090105e-01
-9.191983994173494876e-01
-6.122734124934996469e-01
-4.463722609737637015e-01
-9.560606628265732043e-01
-9.450021150608223230e-01
-9.916306156759312485e-01
-5.195412390600862018e-01
-6.274293836499245103e-03
8.766379551017235983e-01
-5.579758074125669154e-01
1.426738044318348053e-01
-9.865638627631572177e-01
1.214785463603117455e-01
-6.953164758970550308e-01
-8.032992818498063681e-01
-9.812508820241568896e-01
9.234482698857957583e-01
9.937724231913945827e-01
-8.754264245675388301e-01
-7.951985115210047361e-01
-7.357014008879547706e-01
1.228924950050035991e-01
3.576957397663312332e-01
7.492155835563778510e-01
-5.978991033157674551e-01
3.683703218870848506e-02
-9.519533530280901434e-01
4.807616755908572514e-04
2.461268584883852251e-01
-6.993655245060087511e-01
9.249564921575241794e-01
6.402614659526874030e-01
-8.656726391862029635e-01
5.150051277095253344e-01
-7.258197479597120472e-01
-7.373482697950494158e-01
-5.696517402413321385e-01
6.844337405200938695e-01
6.283166780478555147e-01
-6.094571448174253003e-01
-4.003466435729885475e-01
8.357165362412579679e-01
4.857783307804113271e-01
-3.905709265202210734e-01
-9.530160604591508822e-01
-7.879677833134458576e-01
-8.409059359547468304e-01
7.601307596823558832e-02
2.431438443222151413e-01
-1.652304127903887476e-01
-4.991022310311082344e-01
9.408189477299425674e-01
5.021846975712167538e-01
-4.018927690951120124e-01
1.093427244302038193e-01
-5.452308843123350179e-01
4.104638692365691344e-01
-7.608687467786887648e-01
-4.719004429394607625e-02
8.577105682411687582e-01
-1.872278812091415778e-02
9.090913494977976850e-01
-3.233408580387089337e-01
9.494049836028400913e-01
-6.993061855650017922e-03
-9.990669644269006833e-01
9.384612720291362065e-01
2.759758582389131298e-01
-4.611848605467657181e-01
8.815074209111526393e-01
6.202799644006913304e-01
-9.493686287002135460e-01
9.842462686800930172e-01
-9.147287223347486673e-01
4.285800175825492109e-01
-9.237541235111448312e-01
-6.078865603778061955e-01
5.265629744691378011e-01
5.437100333885486192e-01
9.324018390295875092e-01
8.775778971702309361e-01
-9.865087254599441691e-01
9.269389522568880491e-01
-1.451917958146872190e-01
5.641155856859130235e-01
-9.728986374496991774e-01
-8.399050805703925926e-01
9.983856145958411865e-01
1.525808047887086127e-01
9.931259462056170051e-01
-9.180971792229990491e-01
8.289076300768563055e-01
9.042997516725790330e-01
9.871251163603251833e-01
-1.597329407974913407e-01
1.767925419622528582e-01
9.851317017001334220e-01
-1.649285760122956024e-01
-7.340665322089985345e-01
-9.715763321997080704e-01
9.673206045381811391e-01
9.837976056395727475e-01
9.714462615043972793e-01
-6.385205267638560667e-01
9.660890536132777928e-01
1.073950366647292709e-01
-9.251283097129678890e-01
9.777595571517710971e-01
2.542824146189420209e-01
-9.994580125292306105e-01
8.003688422800786517e-01
-8.598079381011313194e-01
7.863392661261057182e-01
9.537122733059461011e-02
-3.830041614263525185e-01
-8.820959923050697427e-01
4.123603767580130142e-01
5.533736509814508597e-01
-9.361362278081641897e-01
-6.652884971525394597e-01
3.158443673306505772e-01
-1.927629127393029607e-01
-4.349820674141607890e-02
2.032264102345454071e-01
-4.666964895760611354e-01
-1.400190710723722698e-01
-1.771770758287124492e-01
-7.827680590958607798e-01
9.437754973028660288e-01
-3.608632198932309465e-01
5.304983742578670558e-01
5.996125055715151309e-01
3.216145997738414364e-01
-8.453498644132867446e-01
4.771649264099303012e-01
-1.506240935519356783e-01
-9.999191562415168377e-01
8.006287712765272069e-01
-5.249295036239375323e-01
5.284060745362235689e-01
5.719004210088779461e-01
-4.621821193386259630e-01
-4.078522251316362701e-01
4.255665370005766723e-01
7.014067288107030951e-01
3.594317835041337394e-01
-1.369203115608917387e-01
-9.982189548078583829e-01
-1.520091025333785706e-01
-3.634236772287084971e-01
-7.339423943120664262e-01
-2.973409565515438002e-01
9.839229818103242264e-01
-3.954732237565816710e-02
-6.296599428452127611e-01
-8.866958353205395271e-01
9.394907321093335373e-01
-1.023167968931465444e-01
-9.800169528972286770e-01
-9.999740884442603894e-01
-9.459186553010021647e-01
-9.863043934433032289e-01
2.668100620428093261e-02
-9.312347676524944662e-01
2.621655468328890626e-01
-9.994167176905041083e-01
3.133856727744555593e-01
9.988263760658405710e-01
-8.297709419928960273e-01
9.963933095436968701e-01
3.791883300056582140e-01
-6.905611257257153746e-01
-4.732894474844671628e-01
7.338596960958291282e-01
9.492312001410837530e-01
9.769857555260923476e-01
-9.771233226650126724e-01
-9.478125422739952510e-01
8.785627353687304186e-01
3.677752102001335399e-01
-6.005634442382694616e-01
-9.352018079650685767e-01
-6.493330576210416538e-01
-2.124525213305352711e-01
-9.016517605016987069e-01
5.526184317454574391e-01
3.437767060783631368e-01
9.397376420484024884e-01
1.248054023671200663e-01
-2.869801925000645126e-01
-6.933372565756901196e-02
5.899144029051509586e-01
9.260096136739023320e-01
5.155396380592354166e-01
-6.866571810158977884e-01
9.994181159102670797e-01
-1.448766708518343660e-01
9.913479027290219570e-01
-6.708095664198887587e-01
-9.848786492836508755e-01
1.916418968388811650e-01
-5.471899497427928916e-01
1.501631997843305699e-01
