-5.454889752088204480e-02
-2.148116306307985557e-01
-1.649834165259476126e-01
2.186461663364884789e-01
-1.065305263944093528e-01
-3.174495738828217450e-01
-3.113775687340307186e-01
4.346963232520918985e-01
6.681251657282605283e-02
3.588534425002332107e-02
-1.386491344954440263e-01
7.902590309632789856e-02
3.645263326007761595e-01
3.327679461647846115e-01
-2.188387644131077892e-01
-1.215253752132722243e-01
2.900984577736934189e-01
2.962084103702089521e-01
-1.354059521549375589e-01
-4.123693502545026091e-01
2.017863912713705465e-01
1.739778955044676279e-01
-1.868099315916976200e-01
-1.291099852035473838e-01
7.924383950312369196e-02
1.436696733420826932e-01
2.111580823542799634e-01
-3.770774643862384590e-03
-1.694467458311350594e-01
2.999243095049113905e-01
9.655160864655654152e-02
-8.085377008108313168e-02
-7.019615266465756287e-02
-3.556958554453767407e-01
2.548147477141998185e-01
3.233620427399543917e-01
2.526202360762258570e-02
2.374163703358861399e-02
-2.567887544264364497e-01
-4.009594393512838639e-03
-1.232711482995737517e-01
5.493883499585605623e-02
6.451162938569010574e-02
-4.488992506283639994e-02
-2.993667966229169308e-01
-1.427744809319118624e-01
-2.668369066183501337e-01
-1.791323534529584149e-01
-2.681434205382298153e-01
-2.024066446714191114e-01
-3.027098736162607273e-01
-1.366494812368200251e-01
-2.863232584457622854e-01
2.258449979763315629e-01
6.907132946184268985e-02
2.521383801665294522e-01
3.169103008592776827e-01
8.910792753524499066e-02
3.325670143998450956e-01
-1.035443287391590861e-01
2.204939864297560947e-01
2.650599537883798762e-01
4.505668715714733485e-02
2.667289905137857353e-01
-1.934675523789980978e-01
-1.519210897891347112e-01
6.455061193747646531e-02
-2.096670895706737592e-01
5.647163687266332222e-02
-3.132556640945893256e-01
-8.676159319066012454e-02
-2.818380064263703022e-01
2.353037750124472582e-01
-1.769154370040578739e-01
2.739780168557480744e-01
-1.321422807585781456e-02
-3.241614731783273307e-01
1.142299463666977544e-01
6.604709281904685980e-02
2.038936296534851200e-01
-3.480541501796491355e-02
-2.526628854942445379e-01
2.654559719428063458e-01
8.433989810013253763e-03
1.239314267270906211e-01
-2.836223598426040882e-02
-4.047273780807114640e-02
5.730108927922988871e-02
-4.306706745452021368e-01
6.365083234003093837e-02
-2.626996454419985860e-01
-1.991559217315829189e-01
1.504852004425318857e-01
-1.577662480492403319e-01
-2.796229936379235337e-03
2.064853516292496916e-01
2.647884955953828112e-01
-8.512625648533778122e-03
-2.046453055862687553e-01
2.052260545227895250e-01
-2.858630850665477841e-02
5.372705185409942796e-02
-7.991234287302684258e-02
-1.673794240404994360e-01
2.335988792554423710e-01
2.087156742252321839e-01
-2.373747109242280162e-02
1.918821653743487121e-01
-3.101859996459401247e-01
3.417388882939022543e-01
3.832245114687536924e-01
-2.642283706815840016e-01
2.823419662753503534e-01
-2.700740720671065964e-01
2.609041921537665898e-01
1.378973390724643755e-01
-2.247345221739869281e-01
2.756530281618475575e-01
-1.938978603485491670e-02
-2.863998621073690631e-01
8.243033987679576624e-02
7.511726859315304150e-02
7.237133843085602480e-02
2.433669808553064473e-01
-5.698886978492911926e-02
2.035804474274757192e-01
-2.191320373717388637e-01
1.778708049208210795e-04
5.875937320779223150e-02
1.158032220832394543e-01
2.057363895832104439e-01
8.569207679805812550e-02
3.446550458233504921e-02
-4.531312204688359158e-02
-2.181057124444829576e-03
-1.372059855019165941e-01
1.605777168108085684e-02
-9.396897083547278706e-02
1.946956856506260602e-01
8.774691118050848004e-02
3.210532352827921709e-02
1.656341596409598993e-01
-3.152683386918303521e-02
1.972008728227018226e-01
3.078003337993689970e-02
2.929728387690956892e-01
-1.947865713754953765e-01
1.740971233917321115e-02
2.363749981667714883e-01
3.125588283862904548e-01
1.493849859950877046e-01
2.087375847987859578e-01
2.328386244773305025e-01
2.508246870045408583e-01
-2.869852458059997113e-01
-4.717950840595813711e-02
-1.563661551162232044e-01
-1.073165436105285031e-01
5.449019866827630176e-01
1.286224927124636763e-01
2.939504098816736466e-02
-1.199779217400508968e-01
-2.171390144658138510e-01
1.064808246465568931e-01
4.273373684829473440e-02
-2.186050650389678718e-01
9.200044523350114911e-02
-4.319354762241256473e-01
-4.552450632195398361e-02
2.022450752978943167e-01
1.301950488972455910e-01
2.511654154487438229e-01
-2.546973156165869279e-01
-8.396693309113567594e-02
-3.343459098283219078e-02
1.902110819988239721e-02
2.914863973434869693e-01
-5.653278124654388392e-01
2.314556265285558356e-01
1.687646679082079326e-01
-2.162694334160378262e-01
-4.771333716549031045e-03
3.167983331446316830e-02
-1.194926356002334322e-01
-2.005997659167350067e-01
-3.823848634087523291e-02
-3.742819304670067515e-01
-2.343706388246203365e-01
2.338945320527360816e-01
3.755382472275797801e-02
-1.720400531603105687e-01
1.858455788865890912e-01
3.124357961523551164e-01
2.818360850682390395e-01
-1.886553426621155327e-01
-1.626626428550770331e-02
-1.007566587742023678e-01
9.553526157214436987e-02
4.730757577605165798e-02
4.325718855342974845e-02
-1.092752886021193248e-01
3.068550846548817601e-02
-5.512396208371103112e-01
-1.263704510342828491e-01
2.611842926578630264e-01
5.894260120159644512e-03
1.374753065502298255e-01
-2.856573672722678148e-01
1.995653633133531168e-01
4.018569722540643596e-02
-2.972358499097474405e-01
-6.643307236558515516e-02
4.030416705127134458e-01
1.335612077851029977e-01
-3.522776870292959606e-02
-2.163031815295825000e-01
1.085619129588801801e-01
1.603689578329592358e-01
-1.058235550279520432e-01
-1.003709114419355508e-01
-4.165129020830816153e-01
-4.602838835698619402e-01
-2.249412244463719901e-01
3.355669930981424187e-01
2.995302337264607595e-01
8.879156204792187923e-02
5.119468496747533459e-01
2.328462299974033978e-01
2.223640263528426364e-01
1.719288299035672818e-01
9.376752474695992934e-03
4.094962675812863218e-02
8.495175122034176463e-02
-1.251189985502630941e-01
-2.621028509088824121e-02
1.639715633649065363e-01
-1.913854699100911994e-01
3.981112622700384018e-01
4.174507966780560686e-02
5.393565438788122668e-02
7.714353959752068279e-02
-1.220821637090044876e-01
-8.318416277485202182e-02
-1.560084310884322090e-01
1.943132233690711974e-01
5.865428125433297391e-02
-2.495712595521663024e-01
1.535864846501092673e-01
2.206636186879871175e-01
-1.545314445118223801e-01
1.868445747205033647e-01
-7.368540988040656048e-02
-3.695691130433385041e-01
5.626934569244268491e-02
1.338928928731853429e-01
-1.612189999873613333e-01
3.930119633313627903e-02
1.858478981694891563e-01
-1.251707360513069633e-01
1.690788540438797893e-01
6.055194933533467605e-01
7.541774949910717840e-02
-1.001775207406166990e-01
-4.714036423072093251e-01
2.114883534707717727e-02
6.972812572433684242e-02
-6.221137563404272042e-02
-7.796124097305889844e-02
1.530173243661969718e-01
-8.390702659125010010e-02
-3.052361530583155846e-01
3.625905086426572943e-02
8.859895904950482182e-02
2.237242611955175264e-01
-1.519176346064824434e-01
1.074188047797765000e-01
3.599740728629874931e-01
-1.454383349244188217e-01
-2.237927327976873548e-01
-1.299933317433027424e-02
1.989785185458338157e-01
-3.199891716032765565e-02
2.025296418554995426e-01
3.208922139234880455e-01
-1.729890929229925267e-01
5.476595428216328720e-01
1.971361787217583150e-01
-6.477655174556312678e-02
4.452855202154986092e-01
1.355986203743998475e-01
1.917645640190823730e-02
2.186445482603812107e-01
8.074435086351061663e-02
5.103308469209943965e-02
-4.639911328548729230e-02
1.064412989537160681e-01
4.146887337354421277e-02
3.457222087374869912e-01
-2.410348170933853118e-01
-4.522240905540119149e-01
3.966562049316708638e-01
9.329992830097999512e-02
4.888991624955374427e-02
1.101192012535567866e-02
6.199471756642527254e-02
9.050182994042643703e-02
-4.039388220091266746e-01
2.860086631589153772e-02
1.198992524875184262e-01
3.300986298797793927e-01
-4.691138332458921756e-02
1.751582072661644895e-02
3.778781249673335285e-02
4.130920982662489305e-02
2.144464708105738304e-01
3.842335664577651855e-01
-1.671816321981199338e-01
-1.473264660579176044e-01
-2.215833452912524537e-01
1.797330165161586946e-01
1.045392765465402163e-01
-3.039573426111334409e-01
-1.207936031667622978e-01
9.122109034626729729e-02
2.625027767546617152e-02
2.986617262599198241e-01
-1.617716934503593551e-02
2.473773611698665276e-02
-3.710672440610757183e-02
-5.387741589277403875e-01
4.490125802078752115e-01
-1.470727332910424234e-01
-7.697213138454322978e-02
-1.722602550060753912e-01
-6.505547725411248150e-02
1.187517829961674543e-01
-1.036446819668803143e-01
-8.593638517466861693e-03
-3.594216150675105803e-01
-4.364425615850195950e-01
5.210188687524737183e-01
-2.216884909061136444e-01
2.045642262406009437e-01
5.112687825928025065e-02
1.159117160915699163e-01
-3.079117546578697961e-01
2.365722340733494300e-01
-7.497693493753732064e-04
-2.437208082925667596e-01
-2.737567835040862207e-01
4.444098651364971064e-01
-9.313038696127723393e-02
1.408279381417416043e-01
5.027155904518482155e-02
-3.951767275581602457e-01
-3.601109173083906767e-01
-2.623525701226100404e-01
3.798741053621137453e-01
-2.187637875942615717e-01
1.009147785711456691e-01
-1.060997181200030726e-01
1.799547948584322432e-01
3.674376724364839530e-01
-8.188914228486826596e-02
3.738772317362831776e-02
-8.973755649892523056e-02
-3.706544187825923098e-01
-3.290291641775305864e-02
2.796561245107690441e-01
-3.098513087850967018e-01
4.931785909736533524e-01
-2.087195238910566908e-01
4.086947870932751692e-01
1.370821354228179967e-02
-3.222140762565939287e-03
2.298252486315409682e-01
-8.097984544329395185e-02
1.336070857579954585e-01
2.112853300313246030e-01
1.688932634046609316e-01
1.756526273525377269e-02
3.169874352128915218e-02
3.489546472433294744e-01
3.728736447434980450e-01
-2.607728145461677416e-01
-3.770100895170986899e-01
-1.223972256706364892e-01
2.814745361962339154e-01
2.684380239011874836e-01
-3.558470470788792084e-01
2.919050111702267691e-01
-2.496168698304423450e-01
-1.866429625325801700e-01
-1.347718895228086633e-01
1.208367386887265749e-01
2.030609375244816772e-01
4.516328911283928882e-02
-2.065754822875013330e-01
-1.469304599014343293e-01
-3.694417760277032281e-01
1.531130860952767403e-02
2.028973770847879443e-01
2.987961934716441559e-01
-1.344207899998586253e-01
7.640908255778394720e-02
2.829752366543601405e-01
1.501023506127254215e-01
-3.570450752039145415e-01
3.071128384653165622e-01
2.765989101147954266e-01
-1.383829064935702124e-01
-1.755025105146252318e-01
3.971829551886796317e-03
2.398681873923887986e-01
5.975128327631090697e-02
1.185390452891580959e-01
7.751114339566247402e-01
-1.197913010888295715e-01
1.000287186565718689e-01
-2.167962795713377910e-01
-3.333185447399811263e-01
1.542576719393879414e-01
-3.242316734517354249e-01
9.717688070700697400e-02
-1.676586232372730967e-01
3.445958661833948278e-01
-2.499404351676545177e-01
-4.696067287679631663e-01
2.876775924440540533e-01
-1.014104157651884996e-01
-4.710049798842906310e-01
-4.278401710996512786e-01
-4.637467076444179437e-02
-1.134600511945397239e-01
-4.856586983042482375e-02
-2.505883044027975570e-01
3.283153633330577192e-01
1.521303800521568994e-01
2.297787315586292123e-01
-4.357778784889896895e-01
-6.899707171197094757e-02
1.606919484879847371e-01
-1.474481620094826861e-01
-5.563437023548815086e-01
6.665517131025366915e-02
-1.337670930708639849e-01
8.971504079856018610e-02
2.263168586651138070e-01
-4.644477942016679295e-01
6.686160040223948497e-02
2.370461473650772866e-01
4.928657872820479957e-02
-2.179226387520951103e-01
-1.593483709528670800e-01
1.808525054211471694e-01
-1.735782321346218127e-01
1.459494973607705082e-01
6.119785779964695971e-01
1.770417405809716072e-01
1.773426491535821103e-01
3.292726862077109962e-01
-1.392205408895282881e-01
-1.185950060642104176e-01
5.877884762649127071e-02
3.684367511824515051e-01
-2.776071992890810636e-01
-3.752550000853838164e-03
5.191912385069041846e-02
-3.673069536781419786e-01
8.549861498928357229e-02
-1.071058566674705781e-01
-1.997735096889578510e-01
-2.541934413818978111e-01
3.110466686404776415e-01
2.824330707134431462e-01
-6.418546607752345645e-02
3.925233709289078221e-01
-8.693896784593757587e-02
1.394736319659081181e-01
-4.762321803374973128e-01
3.023383592597564951e-01
3.858268497467787217e-03
1.458997788591702705e-01
-1.481130405510966419e-02
-2.832688929163272862e-01
-6.136964359772800748e-02
8.011983105437525676e-02
1.097833130305891358e-01
6.443806654291619473e-01
1.779286106817986046e-01
1.324154889320383610e-01
2.818516049703346793e-01
-4.036099410557184575e-01
3.814010613466090049e-01
-6.268334492581928430e-02
-4.000277682530734014e-02
-9.549033533912759664e-02
-7.515703467654089032e-02
1.368074064164202519e-01
-3.183843537977474880e-01
8.294850522502966728e-02
-7.631471794982092050e-02
1.727418994526180862e-02
1.366640797345531344e-01
2.766970436459649796e-01
2.635439532863820267e-02
1.968624069616913830e-01
-1.921535649534433787e-01
3.718434097644979786e-01
6.116210497415852654e-02
6.149764211632435806e-03
8.170594722508139895e-03
4.730340443224045899e-02
-1.293010224543074682e-01
1.034204381893658042e-01
-6.941420322499813889e-02
4.968675598558690565e-01
-1.978813329110509778e-01
1.078360752171785841e-01
7.861872922779228334e-02
-3.827617261214784072e-01
-8.803600283314827468e-02
1.409618477673225123e-01
5.557172119592674875e-01
-2.693308080031899809e-01
-8.741094629920359571e-02
1.780527131112877859e-01
-1.212838608646349403e-02
1.890509347647481575e-01
-8.437368447169724117e-02
-8.190973947176627412e-02
-8.573857780940219442e-04
-1.420087779989182564e-01
-8.145661693588213126e-04
1.545449960525590583e-01
-2.967901088575575774e-01
2.866015817145597389e-01
4.200430097417481856e-01
-8.027590387453187315e-02
2.891056169173158441e-01
-5.123061990259929477e-01
1.629052380185292415e-01
5.752112758141103566e-02
1.337237628816634327e-02
-2.174195996669833764e-01
-2.633364600232647734e-01
-1.207931124814768942e-01
3.953930863791633166e-01
1.859161545865106735e-01
1.866353268006079591e-01
1.560309991172427191e-01
1.187351662048609091e-01
-1.047505154620257395e-01
2.151664568953459145e-01
1.778266658883710383e-01
1.272298746063800778e-01
2.316986584117511350e-01
-1.534954042323999346e-02
1.537632018452956828e-01
1.574402618799017883e-01
4.117445032075608968e-01
2.228453606799630782e-01
-3.992850504247563714e-01
3.006728158401045237e-02
-7.330821869886949838e-02
-4.967449030573336533e-01
-8.090594847055837535e-02
6.024680687939393264e-02
4.985996146297068665e-01
3.256999534850039124e-01
1.925658718420673599e-01
-5.220631157233168729e-02
3.127712727325308029e-01
-9.115200741906032134e-02
-5.839272546012275189e-02
-3.246141442356770823e-01
-1.497133962682153929e-01
2.281505405325433555e-01
-7.206339427835117828e-02
-3.910016380606164965e-01
-1.730259244601434765e-01
1.829829416858432811e-01
1.611093016419249957e-01
-6.302723357052453235e-02
2.933451112816252704e-01
-2.859128519771176324e-01
4.331107684158419513e-01
2.368466093550748441e-01
2.789958253743979322e-02
4.434636626260207715e-02
1.712941382974992877e-01
-2.193129000199766088e-01
2.839948094325109862e-01
-3.213150549156496005e-01
6.893575074204627562e-03
-2.024709896408904974e-03
1.577481690521842506e-02
-1.545894172811572154e-01
4.875772377813447633e-03
-1.335540898767668128e-01
-2.469402447653878951e-02
3.519748169850128727e-02
1.871497773693664435e-03
7.716204707643542493e-02
-1.832126735057232336e-02
-1.172742116851115957e-01
4.038935261551473976e-01
8.439309838202213587e-02
-1.616615860197877508e-01
-2.096004450448766820e-01
7.947216066999029938e-02
-2.191651751511483059e-01
-3.131978637344492444e-01
-2.454978602619393158e-01
1.183065213632046309e-01
8.016344433715039131e-02
8.249750706935132794e-02
-3.537484480877584048e-02
-4.835656545303195220e-01
6.514383954625191375e-02
2.574832005531793033e-01
3.718262006265512509e-01
2.998099877442093608e-01
2.910889913197927115e-01
-3.831007665707540366e-01
1.303505686978076450e-01
-1.781979949821528297e-01
-1.065236830785050715e-01
-5.451112775356005136e-01
-1.810163853892921004e-02
-3.973773011711896896e-01
4.591764924583913166e-02
4.459530469718803181e-02
-2.693418082071358244e-01
6.021559525547590663e-01
-1.868632193264171404e-01
-1.329363015135703874e-02
-1.174576728758655042e-01
2.499242073340013359e-01
3.932719323374384013e-02
2.202296673291999074e-01
1.992283754814327956e-01
-3.635155147634476225e-01
-1.416846101737424535e-01
3.570538764783963148e-01
-1.950787373555454285e-01
-6.520895379632229982e-02
2.776469387930791122e-01
-2.368763371353110880e-01
-1.576954444071229089e-01
4.693116314853394422e-01
2.247496542295395194e-01
-2.593985466381305005e-01
4.998869525700365690e-01
-1.258490246419254333e-01
-3.017593979037155871e-01
-4.483455355675236564e-02
-2.107889449737408438e-01
7.546814247896937999e-03
1.472288526774539474e-01
2.342001489390234115e-01
3.191507792320579795e-01
2.080152196782183438e-01
6.744995358974381627e-02
-3.103800990987583552e-01
3.936940424045798359e-02
2.002230990948041245e-01
-2.308205985479225286e-01
-2.495619542281712344e-01
-3.880625012256017081e-02
-1.595157793042910610e-01
1.972743024765704067e-01
-4.158978642078370314e-03
2.703777789741401705e-03
-1.295448699651581270e-01
-4.514073051092293287e-02
-5.535735084687959384e-02
1.036628821794610134e-01
-4.694301689113855591e-02
-1.615876663862995666e-01
-4.223473719848763186e-01
-3.858312609906389135e-02
-2.058777031355846221e-01
2.392732502179644172e-01
2.637012167412027819e-01
-4.292453254040790589e-01
-2.068599303677032264e-02
5.297355040863183095e-02
-8.115464912395886632e-02
4.161187956487802930e-01
-4.810681574877703204e-01
4.511629209984252542e-02
-8.763269551331032137e-02
-1.326707343223486046e-01
-1.790940568295543711e-01
2.259226133962618510e-01
-1.753702396125161878e-01
-1.967207606918297547e-02
4.452355646155636837e-01
6.034981793691317487e-01
3.001459342242002171e-02
-2.698381029829005073e-01
3.532019595557691072e-01
1.851417435218583041e-01
2.955311153468158092e-01
-2.065357206829661063e-01
4.521617422048219148e-01
5.984824237666597213e-02
-1.722737924408018761e-01
4.914517722640125430e-01
2.970535878361131865e-01
3.150648950723893282e-01
-3.946350072719899127e-01
-2.914060118927773724e-01
-1.745780941186185209e-01
4.594895619546470189e-01
-1.152504930900034585e-01
2.504734245300307416e-01
5.351372162400459542e-01
1.239448707701132912e-01
2.099117350126072923e-02
2.195111104132337343e-01
-2.830544755266093948e-01
1.055640882586336149e-01
3.702625194269938413e-01
3.885575361626233959e-01
-4.141221940222284958e-01
4.209306427302458298e-01
1.629988097232491495e-01
1.552264985582758605e-01
-3.904789390949520711e-01
2.066081306754636304e-01
3.184346448084616199e-01
5.599030139228339253e-02
4.437253202161934307e-01
7.779771605183000149e-02
3.799005067461846963e-02
1.832978185835856255e-01
3.123633252479995903e-02
-9.123555571560015842e-02
1.416793898318730038e-02
-3.479925848781856290e-02
-1.100798036470313490e-01
-1.557926890280902921e-02
1.413787860234323457e-01
9.761781394106461285e-02
-1.574931674090769285e-01
-5.308842909199362747e-03
-3.665148056721829750e-01
-5.501713483153536366e-03
2.825838242875786666e-01
2.732571915416168729e-01
3.425669872057041654e-01
-1.772866638433236441e-01
-2.811327067044555594e-02
-2.088140659083710382e-01
-6.395064234135788839e-02
3.399593031035066937e-01
-2.422383850687576112e-02
-5.297566064702945443e-01
-1.573260424731121043e-01
-3.744256282137120584e-01
5.213276072532163630e-01
-1.787493468523170259e-01
8.419630169823710819e-02
1.791483538989889768e-01
3.819140653675390240e-02
-1.897787922369001956e-01
2.661184914608296093e-01
2.585103642133915747e-01
-6.983392916702019226e-02
-7.468838183634618488e-02
3.991055791433306688e-02
-4.782103291526058619e-01
-3.570307765179411841e-01
-3.617827957582155918e-01
1.083976360084199508e-01
-1.413798640133693829e-01
-1.461591693355084320e-01
-3.328231448867903786e-01
1.637588332550974912e-01
1.103483500655672578e-01
-1.739709716620901903e-01
-8.759755583505562937e-02
2.337592707527759717e-01
-4.308824243882658500e-02
1.312746235624273616e-02
2.338603716382419151e-01
4.937644130594270875e-02
-7.819443722319341372e-02
3.539710935201539344e-01
1.575014161732584128e-01
2.884743582988108512e-01
2.817913127637171056e-01
2.197754511364580221e-02
-2.151533714131577124e-01
-3.366254911369104263e-02
1.313285485084852988e-01
8.437639316049733162e-02
1.511568274749247598e-02
1.219902670374600206e-01
-3.667000825332145109e-02
-1.345120763079258319e-01
4.741175287526204762e-01
1.914158683325417609e-01
8.246846951664266179e-02
-4.819246547171551764e-02
-3.170564638139874436e-01
-1.433876117806531791e-02
3.042605709034801320e-02
1.978183444833840898e-01
-6.411369409253508955e-02
-1.264075047097572568e-01
1.356149385184988176e-01
-1.419954479474705433e-01
-8.956213433194987195e-02
-2.772123493919664838e-02
-1.855975663293381595e-01
5.541562612907419139e-02
9.496143991671013307e-02
1.148840856755891648e-01
2.496608164133963248e-01
-2.091060320061765565e-01
1.159675248495021238e-01
4.989919175737063117e-01
-3.395023460736418253e-02
3.066975474607788188e-01
-1.433277938076509828e-01
-2.249309113612981137e-01
-1.371114946217113495e-01
-2.320726141375228924e-01
-6.623996273801957546e-01
-3.741302138411015665e-01
-3.596734121601097289e-02
1.313711138055896899e-01
2.039811037235014779e-01
7.091610936585257541e-02
3.487509589643706387e-01
-9.782742658170190397e-02
3.608589279795810234e-01
1.364339502288179906e-01
1.957285859010871598e-01
5.054373976858889117e-02
-6.663085965491993834e-02
-6.810605668017932768e-02
5.175831261865909694e-02
-2.221720183262855253e-01
1.993679681407420912e-01
-8.045492189283148798e-02
1.125684824872977274e-01
-6.120318482724351750e-02
6.235617781735425247e-03
2.990406109875038965e-01
-2.755088453621304390e-01
1.560287709310337334e-01
1.317243122512941067e-01
2.010860277102121119e-01
-8.876292005323910272e-02
3.043697588626712025e-01
-1.138231253457063219e-01
1.862510131102747546e-01
4.998517361122158942e-01
3.254845106681608091e-01
-1.491112144071543022e-01
-8.765064523921384243e-02
-4.940658320210244425e-01
-6.707804494355168456e-02
4.114799814750030871e-01
2.877297528603397492e-01
2.430312459569827221e-01
-1.428198696030341108e-01
-4.077167869232415920e-01
2.786598898813391623e-01
-2.774591144020288613e-01
-3.376081740784205865e-01
-1.518610672631013347e-01
-7.674438752059287161e-02
5.037284511686346278e-02
-6.692317274623238443e-02
-2.458352390806990972e-01
6.787507335560194477e-02
-2.691778856979779033e-01
2.792065414366572407e-01
5.274299065975568412e-02
-3.282782326195798905e-01
-3.542889738771501928e-01
-2.395026198450573296e-01
2.344256864325457990e-01
2.617667952538795806e-01
-3.155113204347159694e-01
-8.176660990668782603e-02
-3.930587682027463781e-01
-4.709712561911938433e-02
2.258914014298604167e-01
5.264149082898389453e-01
1.773778115563047764e-01
-1.057027246842093815e-01
1.778184340864785717e-02
4.243143778860569704e-02
5.981089372506115387e-02
-1.944636393879833336e-01
-1.707929093921422004e-01
-2.336099544268848138e-01
-7.362068729180609727e-02
-1.865821004348596768e-01
-2.403338631994615393e-01
-2.375054415779751515e-01
-1.622426559192976514e-01
-2.443355093155683555e-01
3.787148160355555682e-01
-1.060651309296064548e-01
3.295174940437256561e-02
-1.335940513629685911e-01
2.460865221587589802e-01
3.600066994672286858e-01
-1.414129739622406179e-01
-4.516998688893257285e-01
-7.027867849303015557e-02
-5.484134924019101742e-01
7.690505806939940125e-02
-2.483561251399911685e-01
-4.775133502220785253e-02
-1.007808412066217296e-01
1.087912130573465141e-03
-2.529024583940755466e-01
-3.149882320627065968e-01
-1.880925945406372035e-01
-1.193103014536646689e-01
1.525806999647882911e-03
-2.774695340439531921e-01
9.399278595599563912e-02
-1.373569295278986857e-01
-1.411753010296473154e-01
6.286575053290993642e-02
-2.249310997558116032e-01
-1.488069316315153712e-01
-5.235828808544062962e-03
-1.211753803378810002e-01
-1.511782446002899460e-01
1.229037934201096527e-01
-8.969687294830419599e-02
7.389892546700821407e-02
-2.775037587978140263e-01
2.870837884658017369e-01
-8.941911302955524166e-02
-1.708486607249030675e-01
-2.541905293400686383e-01
3.785368852004616924e-01
-2.482107799703426876e-01
-2.476382582327659732e-01
1.945386591708516133e-01
-3.578241747715199539e-02
-6.041631295949811964e-02
2.827330143393123607e-01
1.412971648473073660e-01
-1.947925387857868951e-01
-1.100345505009602265e-01
2.755058042686905906e-01
4.746311840449729536e-02
-4.520351146384180008e-01
-6.858771946935388053e-02
-3.860877900322334244e-01
1.487559980147457050e-01
-1.139538499157566331e-02
-1.616002941251939995e-01
-2.645586497400770343e-02
-7.873509163878811279e-02
8.466135726065354694e-02
-2.085238034285898934e-01
9.150309213605478664e-02
-4.645545915477722332e-02
2.719216709012644007e-01
7.151989657072577167e-02
-3.107586456079090009e-01
4.403076473451106310e-02
-1.673782579488336530e-01
2.853691801499954050e-01
1.692444688375405182e-01
5.115262830574329733e-02
4.581231626709967308e-01
7.682708465356280492e-02
3.921901495612944988e-01
3.203124392962560796e-01
6.063816411977396292e-03
-2.053914727457317735e-02
-1.282863194909288351e-01
-1.624805965621478610e-01
1.104692057838334018e-01
2.500195404719085523e-01
-1.189862436892110686e-01
3.487462209360163157e-01
-3.015510137483855546e-01
2.995666493804244879e-01
1.184503433117896076e-01
1.093608910787174926e-01
-8.189095438329196952e-02
-1.774768864755757458e-01
5.785858647324115811e-02
-3.157544275370625653e-01
-3.955446827343975791e-01
-3.322947105506468546e-02
-2.746294271378756924e-01
1.092436569513868250e-01
-1.423257079811369175e-01
-1.167148512519552428e-01
3.173065637147171603e-01
4.643168910319471210e-01
-3.165948174262452897e-01
9.335977331502282039e-02
-1.871795633363211309e-01
-2.264797032543037214e-01
2.256670646979164196e-01
-3.619070268372689969e-01
-3.003314874419540925e-01
2.084938142628602331e-01
1.466514117446783838e-01
6.154313860457327756e-02
-2.323991889433002500e-02
-9.786750296946711281e-02
2.654959451356334599e-01
-6.578537468184680881e-02
-1.293832196280699232e-01
-3.114087285247197356e-01
2.487682868961453853e-01
1.220268032951697945e-01
-1.361422031406581690e-01
1.134215634926797334e-01
9.174257205139169091e-02
-5.668393960940831811e-02
-2.581507038542786292e-01
1.422639333022741592e-01
1.746836655191414955e-01
-3.759807573388347368e-01
1.031961215539615173e-01
-4.897117483462987142e-02
3.091022718917624257e-02
3.343524075683895758e-02
2.072927979483876748e-01
4.905821993649744917e-02
-4.282374877343603226e-01
-5.217717431952912932e-01
-7.090468053394277659e-02
-2.301478259866798215e-01
2.383988720749870005e-01
-1.773981437819822649e-01
-3.020270656738177628e-02
1.042142423420707731e-01
7.794620617377195915e-02
5.300094442552591989e-01
4.548701439158292503e-01
-3.852676427982582585e-01
-4.116484579835357205e-01
-1.588936184830846976e-02
5.776368344807458755e-02
-2.122733035455320882e-01
-1.873906424236224666e-01
-1.647225706461329930e-01
5.740186021511195502e-02
4.173188176691279838e-01
-1.664579491774731412e-02
-1.682606768741358727e-01
4.446317167107562973e-01
1.616658025891927197e-01
-3.486858746225307559e-01
-2.726204880201765768e-01
-3.016901459723801970e-01
-4.796829777974222497e-01
4.000848249014121172e-01
1.643154862996953902e-02
1.542915440052378684e-01
-2.006930316278619508e-01
-2.506269962421758257e-01
-5.334746731435524580e-03
-5.892458401282801850e-02
-2.144812073631374716e-02
-3.379056691339945573e-01
-3.278300993071830982e-01
2.334373790212653788e-01
2.891972136977132291e-01
2.477289040365946993e-01
2.523930771935378181e-01
-2.371960499799400379e-01
-8.838896179984306878e-02
1.722051512267375184e-01
-2.774605131517628442e-01
-4.590045559282671661e-01
-1.202031098051746238e-01
1.363447088546535513e-01
1.522962388228372155e-01
-3.027491298736019187e-01
-3.614889273196656982e-01
-1.271558178020534280e-01
7.015132335151830212e-03
-5.072604558335099822e-01
5.583730259657859740e-04
-2.960801975676680131e-01
3.770626757492505643e-01
-1.452117083138003695e-01
1.465077575251935715e-01
4.488009892633995634e-01
-2.063792395389198453e-01
-4.159335788675326828e-01
2.340857831144653733e-01
2.128071671090931427e-01
2.851629068725961558e-01
-2.846223367365919854e-01
9.449140703026603916e-03
3.456346242991920059e-02
-4.388184804179925957e-01
-7.771268902369810050e-02
-9.438502124777536917e-02
2.367709167652448654e-01
1.806852294058483577e-01
5.581256174708504325e-02
-9.529386342874285321e-02
-3.181270786575276510e-01
8.181918603709481541e-03
-1.263608779865188492e-02
-1.996991304550946311e-01
-1.365773227811225010e-01
-4.343718633076871227e-01
-8.813538147953769997e-02
-2.318560955811271862e-02
-2.311229400298886461e-02
-1.911881930869074875e-02
1.986571301348216134e-01
-2.161490653446833665e-01
8.338796948503818252e-02
1.333263824625369187e-02
-2.632249834736853367e-01
-2.930529145711580075e-01
-1.901348802873934485e-01
1.942480700134429084e-01
-8.766050062638675033e-02
2.012182393128356117e-01
-2.019335031284102411e-01
-7.646623778365452262e-02
-2.864234237687804940e-01
-1.746752597202322344e-01
-6.658750006144059652e-02
-2.719720719204232195e-01
3.021323117512422773e-01
5.865561284716885870e-02
2.542729537038532217e-01
8.038406888403026862e-02
9.783652205956144821e-02
-1.971517332819985868e-01
9.681907061020578187e-02
-1.382969632587466302e-02
-3.326161347067104201e-01
9.053890221455973553e-04
3.563459163027815624e-02
6.749765708810701037e-02
3.230191529151291152e-01
-4.338686065068746434e-01
8.772294688727921841e-02
1.515901655269368820e-01
-1.892519072907744571e-02
3.254202918104582842e-01
-2.072464532330518527e-01
-3.533798633010660217e-01
4.936458231575446831e-02
1.351396176196623111e-02
2.392761236655932544e-02
4.603096084811819644e-02
2.556698403400042285e-01
7.338858781759199923e-02
-6.058536667517833152e-02
2.427309001571544278e-01
4.841714487198032213e-01
3.118512494148145131e-01
4.612446557780064404e-01
-3.217485158285540714e-01
3.534271709425011454e-01
-2.260021042281057935e-01
-9.865419555611304459e-02
2.807006833804597257e-01
1.412097926616760479e-01
-1.163163375378839515e-02
1.924042405619528218e-01
2.193701417866958381e-01
-7.394030995419237362e-02
-2.671874145654095090e-01
-2.482144422234903725e-01
2.800957573535378664e-02
1.694382006392647910e-01
-1.788457223406403340e-02
-9.270904411668579037e-02
3.377345165771090674e-01
1.659685549390782500e-01
2.120000604186580984e-01
1.827744791181835082e-01
2.757049691176464146e-01
-8.896961484043397483e-03
1.430476826463697448e-01
-4.090942954574494639e-02
1.403622108948043290e-01
-1.178613546542273127e-02
-4.362272129717885139e-01
-5.074289354008998387e-03
2.612216902063814739e-01
2.226019947097702123e-01
1.382586668087003035e-01
-2.529757197137365576e-01
3.827567909487707420e-01
-3.636141113116232448e-01
4.004954990397279202e-01
3.620324550825567145e-01
1.281697879743427526e-01
1.773589149387551633e-01
3.165991244476811239e-01
2.090760385473383054e-01
-1.327283811682509751e-01
4.037466879554159060e-01
-3.030145149083218747e-01
-7.131701499874021355e-03
-5.629348525200673636e-01
-5.150492829096162684e-01
2.365505926892242927e-01
-8.018618247276665389e-02
1.405953764131164241e-01
7.571861114373024115e-02
-2.762540444256713634e-01
-1.663450342002376070e-02
2.925929984941455508e-01
1.172773159435435697e-01
-6.758006897707440341e-01
3.174057033932794480e-01
-1.950568565419161793e-01
-1.385631967143629018e-01
-2.615522712472578837e-01
-2.315809144509907713e-01
4.918639192785241310e-01
1.193870706158277617e-01
2.850322209212244884e-01
1.861745987249938672e-01
-1.202965932074843702e-01
-2.006395956465784614e-01
1.438196459798740112e-01
-1.043037568083627908e-01
-1.720353117100114071e-01
5.042342154971729551e-02
-4.452179152603341628e-02
3.169327218250855838e-02
-1.411828113857989675e-01
-3.125871238101384786e-01
-1.107181540581267942e-01
-2.967021808441596686e-01
-9.935757247908566514e-02
-2.936749363721659623e-01
2.400991932164819875e-02
2.060453242688901621e-01
-9.951763917622191702e-02
-6.037147178832336092e-02
-9.321421578426747345e-02
-2.394749811791504479e-01
-8.364359582059710529e-02
-1.061254347572017642e-01
1.900353183261560552e-02
4.284093956654849711e-02
2.212570382869711305e-01
3.163076695944075367e-01
1.957237111875599900e-01
-2.674792986278185514e-01
3.018588151192376778e-01
1.486788553129502755e-01
2.035594472628429186e-01
4.020008285291312156e-01
1.666733120314112249e-02
-1.593576290361308767e-01
1.963474910624036229e-01
-6.057335733811896050e-01
2.876471941851649339e-02
-1.612377876993197900e-01
-1.653588717368593697e-01
-2.261955658747355491e-02
-9.036944298810378751e-02
-7.327508816927080781e-02
-1.759013744490634523e-01
8.031657452770163408e-02
4.083458705540798372e-01
-5.050764555746412032e-02
2.650473821282438025e-01
-1.530204483369524415e-01
-1.800168519138706236e-02
-7.373703410260129543e-02
3.025449505326628930e-01
-5.971020160709666902e-02
-1.179914759113305789e-01
1.331473298604911037e-01
1.113676770064355726e-01
-2.042474654397955502e-01
4.824099772663774099e-01
4.857385637869429118e-01
-1.427985441114635878e-01
-2.116146144021020525e-01
1.804238539471353375e-01
3.217388754219246971e-02
-1.813061321004855730e-01
3.571425228849333666e-01
-1.956963226297143699e-01
-3.682598479217634724e-01
-2.834959695055871975e-03
2.245816054398043216e-01
-8.965910509715402377e-02
-2.707900286373043919e-02
1.275277658721684637e-01
9.982953155176593762e-02
1.507979020845905960e-01
1.580640758952478464e-04
-6.396875679082925092e-02
-1.847797605945907251e-01
-5.345332249659051627e-02
3.956197376399211985e-02
-1.252679414587206663e-01
6.037723600695393822e-02
1.501442071187709115e-01
-5.301153123762525343e-02
-1.537896971237253108e-01
-1.679556717632333940e-01
1.130430940850132848e-01
-5.165850286059574525e-01
2.033687132678422271e-01
-8.162830957303346402e-02
-2.081924313457622633e-02
-3.371602315554811380e-02
1.700216009690030394e-01
-6.384532075839716159e-02
-2.673188730644548983e-02
-5.052401631223371048e-01
6.388035313405898696e-02
-1.701403871122672551e-01
-2.738590340999471073e-01
-8.893405556869871109e-02
2.660213900530790099e-01
-3.540334412188989033e-02
9.542024658625503086e-02
-1.357240130142021162e-01
1.131194698965482526e-01
7.576825569005463112e-02
2.868609318536287645e-01
-2.184304351031524649e-01
-1.193865640572846498e-01
5.192380321307490387e-01
-2.969112198433528360e-01
1.649652545362887968e-01
1.773461151530696389e-01
2.175082879261842628e-01
-3.539848391370248315e-02
6.993299711486888892e-02
6.266263223058454734e-03
7.787536823544227715e-02
-2.698893185964762464e-01
-3.970813465870565162e-02
-1.737789350602079730e-01
-2.123886883135487902e-01
3.446458373918047657e-01
-1.957574779059663705e-01
2.050109872228051966e-01
-4.395218090900588903e-01
-4.370581114006005796e-02
-3.135278444649541307e-01
2.084029350564590155e-01
-1.716720428649301522e-01
1.191030923131398134e-01
-4.623007915765765530e-01
1.032726929412963734e-02
4.928936176704246108e-02
5.808706306078342818e-02
-1.439337278042333024e-01
-3.588806633322578765e-01
8.732971510215320476e-02
-3.574985056039400866e-01
3.359064977481220904e-01
-2.009139929226665400e-01
-1.464393533066830622e-01
5.387821142376524319e-01
6.487662711357816692e-02
1.225215957696506597e-01
2.147931825408656015e-01
1.279484884733370631e-01
-6.158642128620910317e-01
-2.814049200792607119e-01
7.122336817384944396e-02
-2.066215302427106271e-01
-3.216065904908038120e-01
-1.212906049049056190e-03
1.328479735596156952e-01
-2.254315634706276494e-01
-2.225819120788140038e-01
-2.495972417656073805e-01
2.958612383105712618e-01
-1.726882296877289558e-01
3.432404468738475822e-02
-1.635088623519020956e-03
-2.027180101469111539e-02
1.100047336520330044e-01
-2.939082150136944072e-01
-2.868322651476562513e-02
-2.028358768396755218e-01
-2.059269052110583309e-01
2.500459491477851626e-01
2.559041602406962324e-01
3.351429411338591180e-02
4.575774412679761705e-02
-6.550766656627959872e-02
-3.939948193226441853e-01
-1.750034394601979737e-01
2.560900281487932251e-02
1.182249086131627047e-01
-1.307117711219167866e-01
4.830640213878539813e-02
-3.651924675461152847e-01
4.503421176646488222e-01
6.716682718747907233e-02
-1.012242956397939597e-01
-2.320623317279758013e-01
-3.249283422721760406e-01
7.184014962971563278e-02
-2.431009164386327970e-01
-4.402680956507321053e-02
6.178539400718130459e-02
2.676324377268665122e-01
2.739336766106721943e-01
3.115217964895694580e-02
-1.626625841653313587e-01
7.781314591397220370e-02
3.760581057463655563e-01
3.844618870990934023e-01
8.796355332017591344e-02
-2.545291772294112076e-01
3.447194615894372260e-02
-9.096225676236757707e-02
-1.866149981210929454e-02
-3.172919199956857339e-01
3.736335421615352148e-01
-2.149397301570724617e-01
1.578862004952786280e-01
-3.502958973420229327e-01
1.888788582738077371e-01
-8.788667198722760476e-02
1.584023901037300841e-01
-2.488771237520626123e-01
-1.205489079923973139e-01
1.387977316186339016e-01
-2.161541744308853041e-01
8.377810246413364137e-02
7.067165711284961738e-02
9.027050222581017858e-02
-1.103396267972704958e-01
1.351547257502452859e-01
4.635095127194943654e-02
2.063366755356320081e-01
-1.963214602772119233e-01
-2.572610189697923655e-01
-4.075850527576896365e-01
6.426325664704052310e-02
-9.747381737097671195e-02
-2.885437176285616800e-01
2.348189903877452855e-01
-2.540373080134950001e-01
-1.702142221507657593e-01
-2.941778034138926579e-01
-8.287535587620870059e-02
-3.109807021316515763e-01
-3.858941622059917642e-01
2.061318145494892007e-01
-6.368687962901392607e-02
2.867240734281223391e-02
-7.099941944256532578e-02
9.702417970511484357e-02
3.560970349672415436e-01
-4.379841101734144315e-02
5.308804451055579854e-01
8.916470371999923872e-02
2.684316609604890380e-01
2.445606569883250203e-01
-5.620390294872851245e-02
-3.521958964017268268e-01
1.066224364268352764e-01
-2.748926920142114039e-02
4.707221111539399705e-01
2.746621292625475164e-01
2.696070645564522250e-01
1.959989710553174946e-01
1.961293564902577558e-01
2.035297976430017197e-02
3.438924686419797538e-01
2.093798640903398178e-01
-1.504002841568791160e-02
4.421573314491638595e-01
-7.576713983166150079e-02
2.008574047059630829e-01
-3.765781630845210781e-01
1.749074409810703612e-01
3.972166458720631788e-01
1.052312187118196740e-01
-4.602391438303080062e-01
5.016986689444631331e-01
-1.899524465124745598e-01
2.622323457170055994e-01
6.537897143627657837e-02
8.404329714063923928e-02
-2.445842199924272431e-01
-1.761971488961512344e-01
-2.385673727475266515e-01
-8.345605632521219119e-02
-2.456256197711627620e-01
1.124810390273133787e-01
-2.310363646605154142e-01
2.687064062321660174e-01
1.579140644287065909e-01
-2.302630302635466086e-01
4.140834295038955948e-01
-8.820122617341247251e-02
1.529871564190036781e-01
8.124707072083620085e-02
2.367039798219143787e-01
2.012447783171379401e-01
3.215571831261768709e-01
-5.700417131398143322e-01
-4.195593726227742071e-01
-5.816624892165356275e-02
3.907395209978298256e-01
2.667263797827423288e-01
6.724017003029997275e-02
3.987232963224157656e-02
1.916950418869844408e-01
-4.467800200750882134e-03
3.766172399814154970e-02
1.193508478837038145e-01
1.741344458045707144e-01
-9.264576798969831328e-02
-5.209268902169809090e-01
-1.821143323142850323e-01
-3.157202892670856742e-01
-6.147311308265507312e-02
-2.426967745691843703e-01
1.160833846396264191e-02
-1.387722277602690957e-01
3.010167623942409665e-01
1.557027112193187235e-01
6.691401060540858037e-02
1.790627367832484107e-01
1.952909097789971016e-01
1.941977252221299688e-01
-1.251212772350661639e-01
-1.458884721334102186e-01
2.080863065948934665e-02
-7.317603306983311295e-02
-1.528684982666350667e-01
-1.983660626666183258e-01
-3.048653523536464238e-01
-2.553119229050904160e-01
9.138088598910537597e-02
3.143917333006668313e-02
1.398480726690521370e-01
-1.020824804729636992e-01
1.463350670418913646e-01
-3.021968595233520682e-02
1.592601273825257624e-01
-3.067269883035400047e-01
-1.074156364315504986e-01
-6.887520629540361261e-02
-1.295589495932693014e-01
-1.943149011806770687e-01
-4.136918102786169005e-02
-3.375290416075126809e-01
3.739386840506675469e-02
7.162827817413841558e-02
-3.890384788889310608e-01
-1.354926746729608888e-01
-2.744859108605879339e-02
1.606712562594882487e-01
1.685427605296694886e-01
-2.823966588938031652e-01
-1.257041520069396290e-01
2.011241280083120309e-03
5.855944394159124933e-01
-4.140277331057966026e-01
1.025329112445944602e-01
3.993135530234771524e-01
2.852139872680402033e-01
9.588314949413612176e-02
-1.601515880210245824e-01
-2.921164593722652691e-02
3.493972703641599065e-01
2.444148810142205419e-01
-1.025340360959183239e-01
-3.351461057599071092e-01
1.076478838177294950e-01
-4.170010510299310136e-02
1.484214907048716503e-01
-2.333091133456708377e-01
-2.314177191697737168e-01
1.019913974730284889e-01
1.315763633594419502e-01
7.739082634600907840e-02
9.196968113811543333e-02
-1.421212375512353465e-01
2.607312992733872292e-01
2.347588376308369362e-01
7.486615568801691101e-02
1.732671407526251151e-01
2.729032462626858058e-01
-2.936428787103883553e-01
-1.027279033546263376e-02
3.205307797148633231e-01
1.136797996316843418e-01
3.377060768118678169e-02
-1.441770669274787808e-01
-1.602877207406883664e-01
-2.120507158143357107e-01
3.206291432470469438e-01
2.943222880115533013e-01
2.409804618849360480e-01
2.808705888036572285e-02
-1.546234381753833209e-01
3.343378731232614642e-01
3.047646768330793399e-01
1.375140444115097726e-01
1.758324024768904148e-01
1.221522489720152094e-01
2.671579394579287614e-02
-3.178002028222085551e-01
-2.030577204264091828e-01
-3.333425721198636782e-01
2.780966981868263632e-01
1.028496584312081907e-01
-8.693825721871434320e-02
2.668834740961367746e-01
2.572912233852547303e-01
-3.047172462554093020e-01
3.346343581614862339e-01
1.957790953038030524e-01
-3.733181363528509378e-02
-3.053118905119154292e-01
-1.330381154306527480e-01
1.616056742659149337e-01
-1.561351707505964637e-01
1.506268210025380472e-01
-1.144767675335701673e-01
1.507270770618179268e-01
-5.240524266171531220e-01
-3.002428731031522857e-01
3.185942075052018985e-01
-2.567937043373416661e-01
-1.006075041987924967e-02
-4.472516688098884807e-01
-9.988213393285372277e-03
-2.057856581658808470e-01
-8.973501562330321590e-02
-1.314532275754207169e-01
-1.871227554146505656e-01
-2.371112229561764817e-01
-2.042734114519290101e-01
2.084118527599343462e-02
2.922885476900506929e-01
-2.450705788845052302e-01
-1.371652981341617838e-01
-3.084716398193237397e-01
1.102675359685262313e-01
1.477818755508609749e-01
-3.044695173026518153e-02
-1.946202238369243442e-02
4.484267166450264797e-01
-1.629372767429843050e-02
7.104389378334946548e-02
-1.142888240556091950e-01
-2.671324278539694008e-02
-2.858548217897566301e-01
-1.462570742628018783e-01
2.410110278574190135e-01
2.800636943367112996e-02
1.196077708154542618e-01
2.616638274628717009e-01
9.687814183081244757e-02
2.535254484327422730e-01
-2.666382033729830514e-02
4.479767034457361463e-01
5.785715117203604763e-04
2.551253591292435563e-01
3.650987872517514887e-01
-6.285961115316873737e-03
-1.702500585052196258e-01
-2.159360063223668691e-01
-1.372697087880895839e-01
6.282349225108646573e-02
-3.102638444247125538e-01
-8.334374277429773548e-02
1.438844509356382861e-01
-2.021655714778426982e-01
-5.095750853068420350e-02
-4.609356315839673313e-01
-1.968368612621884672e-02
-7.607393105672322076e-02
2.050675526421675277e-01
2.980509452204200271e-01
1.875087704916139630e-02
-2.070484818543518735e-01
2.340374765143828917e-01
-1.112882390094806495e-01
-3.937252300081212075e-02
-1.100000665281699597e-01
1.379093386394458221e-01
-1.241705966201135936e-01
8.492547802546190905e-02
1.709331546880228925e-01
-2.912487896046903613e-01
-1.078606897713312862e-01
7.594657031271168091e-02
-8.154138375736696975e-02
-9.272888746488350264e-03
4.055969286404285667e-01
1.666268876564336865e-01
1.525026549805743037e-01
2.357357952527716627e-01
-7.441353832538216695e-02
4.471449172550800988e-02
2.115223632881623739e-01
5.435098701401031018e-02
2.609374951372691598e-01
-2.184172538118788753e-01
3.637983870121817009e-01
1.870281711364127908e-01
-2.168176461817050704e-01
2.507243823356646861e-01
1.852986475924416898e-01
2.485955102417694573e-01
-3.151487523666718360e-02
-1.514580549484056404e-01
-9.577531872660061119e-02
-1.041298496297482501e-02
3.020859940536857469e-03
-1.797884915766529423e-01
-1.155860793956104970e-01
-2.048715644101125055e-01
5.257464904734785449e-01
-4.459279686849632052e-01
-2.335299299377883164e-01
6.174003414366502351e-01
4.861276017073846711e-01
2.685472135182601083e-01
1.857395182417328483e-01
7.623505477490261084e-02
-3.198399472718438385e-01
-7.631274405562532559e-02
1.964416166493676008e-01
1.081123063216081204e-01
-2.351614326147141720e-01
-5.108491375498398490e-01
3.938223277128233279e-02
-5.333364583087298882e-01
1.206078406418243376e-01
1.531899715223417613e-01
-1.407124906158356836e-01
-2.691366388566289181e-01
9.759132280071980414e-02
8.656621967007943619e-02
9.751195615189556243e-02
2.791207340600526110e-01
-2.188531084368894319e-04
1.850956282685873866e-01
8.293398381511513096e-02
4.783657592862397556e-01
8.599655621722740451e-02
-8.196559515768697679e-02
-3.359180849466713581e-01
9.131594806673160036e-02
9.633896014293574783e-02
1.597116500882200252e-01
2.472845167061371030e-01
2.090397688315133728e-01
-3.774677225957887572e-01
-3.301623191074105068e-01
-1.340827273474598513e-01
-3.421532398664026142e-01
3.405913246743231815e-01
2.820372440560482419e-01
-1.211002281912288425e-01
3.874993718048431179e-01
-7.855503542246161652e-02
8.795886591657220421e-02
9.662785475003693447e-02
-2.758840650112394655e-01
-3.235137003409191414e-01
1.099071848617650948e-01
1.714988565785890984e-02
4.716012020870176680e-01
-3.242819302981175822e-02
-1.967925621854645368e-01
2.025082271351721364e-01
2.658318548077607257e-01
-1.360068060889884078e-01
3.597874809582995992e-02
-7.093216172522304186e-02
2.654890677363246909e-01
2.144308361522281881e-01
-1.701209176028375403e-01
-4.262557929164457193e-01
-1.140987172252624360e-01
-3.186551139892347950e-01
1.845766222983848404e-01
8.621307701667024759e-03
-1.065087401080138663e-01
-3.327547934405043484e-01
-1.983670231173132459e-01
1.901938821110651934e-01
-2.814776533046780549e-01
-8.113168664563635835e-02
-3.624309846796386347e-02
6.457700832526352963e-02
9.325209515852805886e-03
-3.248967940418150402e-01
-1.293741461694597472e-02
7.761954010436866724e-02
-2.949589351457960196e-01
-1.380256038941181651e-01
4.073620120217483209e-01
-6.341572963279783481e-01
-2.368870449250837229e-02
1.066027801242955819e-01
-2.255776094048005942e-01
-1.026910017342426151e-01
-2.372148391886526597e-01
-1.721312855439347533e-01
-3.915297456238208684e-01
-1.992623098471730247e-01
-2.490530398274902191e-01
2.282388987448541462e-02
-9.163563621088383071e-02
3.732867436845419551e-01
-1.717144855169459028e-01
-1.197570965411338673e-01
3.133557070531139965e-02
8.505226741007509972e-03
8.408357463505988783e-02
-4.193854688101383843e-01
-8.519650622577884524e-02
-8.173120838684283518e-02
6.795815514929709478e-02
1.551577902043181911e-01
-3.091112398708712461e-01
6.242402962420462442e-02
3.584794607888688867e-01
-1.651581109231040068e-01
3.140624252808846273e-01
1.763786924028074576e-01
1.583038072731345891e-01
-3.550300904052333673e-02
1.437125363662444810e-02
-2.710925947404116410e-01
1.679121925692709238e-01
2.040801360984251245e-02
2.627401306232792777e-01
-2.850676658003876152e-01
1.819779369051998663e-01
-1.196111803935288598e-01
2.241021194816008033e-01
-3.877951083634889606e-02
3.208641230122791788e-01
1.303057222768223000e-01
7.457625359397884734e-02
1.123943229831698143e-01
-4.872882806843249481e-01
1.354707882121740647e-01
-4.515795436839737942e-01
-3.673616229634492636e-01
-4.327665938658671885e-01
-3.884668885478207989e-01
-2.776587422758082235e-01
-2.736850649597896701e-01
-6.916243138947836266e-02
2.186231586163711049e-01
-1.421277080964014061e-01
4.417946193710720615e-01
3.904434027266260876e-01
-1.102501323495159724e-01
3.358303205735332364e-01
-8.124068750530788474e-03
3.359550589168908141e-02
-2.213048846167597894e-02
1.012989309653046788e-01
1.988993067504783996e-01
-6.325516869621267135e-02
8.846222544602461157e-02
2.477276131713809226e-01
-3.694982763771581524e-01
9.376209692278014707e-02
-1.543140029994506945e-01
2.204282283488785965e-01
3.655910749911614466e-01
-6.129019316473777179e-02
-1.495723725103236257e-01
-9.840545034126707558e-02
1.958757743371526971e-01
-2.377632124103460920e-01
1.617468966071942127e-01
-2.983180468998196666e-01
1.858404233804304417e-01
3.080538016363942311e-01
-2.892846248410933518e-01
-3.306441951792482570e-02
-3.072255079054945770e-01
1.353225727197720496e-01
2.338630813353814730e-02
-2.868579216740613225e-01
-1.596482392375414561e-02
-1.768702229602906462e-01
-3.541418661911588384e-02
-1.777244127946114305e-01
4.367835208736714492e-02
4.125873684780133055e-01
4.653066495517366730e-01
-3.303419006846906592e-01
-2.053376422157958681e-01
5.843946741147416635e-01
-1.858777375009117439e-01
-2.651808041909044511e-01
2.493747139742498731e-01
-4.275634646442449949e-02
3.695135061877889981e-01
7.184219804068203707e-02
2.512506090930483049e-01
-7.098616054611722737e-02
3.477973633250786012e-02
-2.977976186519685209e-01
-1.268676029522695092e-01
-3.453198165741144798e-02
-3.857686109029962451e-01
-3.253164714286832515e-02
4.199172361934799813e-02
1.560248162271593020e-01
-2.417022996625452502e-01
1.400486558564160711e-01
-4.224059007635523333e-01
3.216550355512926007e-01
-3.913504535570433429e-02
-3.110956108106850415e-01
-1.061577867334385639e-01
1.678365444890904667e-01
1.092996078457172393e-01
-4.636481236211387191e-02
1.212911976523243784e-01
1.210118391081373423e-01
-5.146265858581600128e-02
1.194162135107031397e-01
1.077567923461336119e-01
5.940374015794230855e-02
3.526217685332229679e-01
-2.049073680847768864e-01
-5.432443888354787642e-01
-2.345159581162831741e-01
1.512535118807860623e-01
4.687314715239143670e-02
7.325541888400011192e-03
-4.569461148234817416e-01
2.141929314330742740e-01
1.595406179408671576e-01
-1.488948710944542064e-01
-2.321263852826256358e-01
-2.946704547185670653e-01
-2.900768387870613085e-01
-4.787187317474362880e-01
-1.973451440079311281e-01
-5.545347490561514103e-03
6.016161100382044769e-02
-1.897342515660995765e-01
-1.369251156670465153e-01
1.792406289630619209e-01
5.513727504685961289e-02
-4.566729245106593282e-01
-2.798840835740097899e-01
5.329480140371506414e-01
-2.430764873595159248e-01
-3.955895159443725273e-01
2.108173550567077337e-01
1.679519566340789138e-01
1.941774178810898310e-01
5.759053785447154628e-02
2.118863591353359332e-01
1.999408233110941957e-01
2.454325987253930808e-01
-7.231263980185509421e-02
2.023148853960029525e-01
-3.049380818752771560e-01
-2.369655933632475175e-03
2.411583837300652067e-01
5.109965772295399500e-02
1.832120266058223645e-02
-9.431992290911705989e-02
-1.309270872471181568e-01
-2.995785450544320994e-01
-3.745385409698176460e-02
-1.203730243902126906e-01
-1.109919086788984099e-01
-2.023672501681460512e-01
2.300731673542941169e-01
-1.571639179773148820e-01
-3.072967188794312188e-02
