-9.906115772580041945e-01
-9.587675693026278534e-01
-8.749927719960779449e-01
-6.083240737367210382e-01
-9.869201532620861528e-01
-9.936155443309955260e-01
-9.891531517005446306e-01
-9.924405201690326139e-01
-9.938044088187836245e-01
-8.808183897944199536e-01
-9.996294876863287548e-01
-9.670327240056125762e-01
-9.384969500354762850e-01
-9.458650532100755237e-01
-9.211775315394222785e-01
-8.270749164230515316e-01
-9.962772330579250379e-01
-9.769709463192161047e-01
-9.993828177012948899e-01
-9.884848429839808714e-01
-9.981920770750390970e-01
-9.863245085054843653e-01
-9.991938764161526487e-01
-9.963597073850194441e-01
-9.090834993246292850e-01
-9.372513031365554692e-01
-9.791739405434370935e-01
-9.982822329185465637e-01
-9.996135454825415545e-01
-9.906618218659362096e-01
-8.832492476900686285e-01
-9.693519364613139011e-01
-8.232384104681083059e-01
-9.809470615238295998e-01
-9.713449723769684852e-01
-9.991358143039262840e-01
-9.556316981992860615e-01
-8.525270304450455194e-01
-9.597593202579780547e-01
-9.024273783395199144e-01
-7.983879496883357074e-01
-8.702903089948115234e-01
-8.504177772742845809e-01
-9.886587025298911868e-01
-9.350947694471020144e-01
-9.974183469040178718e-01
-9.889845095344764747e-01
-9.049969552000961537e-01
-9.988951090012279099e-01
-9.180055768452471954e-01
-9.609264469445005785e-01
-9.995210200511254195e-01
-8.050568081595627090e-01
-8.949921462305386877e-01
-9.703512167643221220e-01
-9.896189642846409118e-01
-9.678908516173398979e-01
-8.962065449858704902e-01
-8.756057559123857637e-01
-9.180972028297834653e-01
-9.522043211189881173e-01
-8.673588768575395402e-01
-9.081032149707869428e-01
-9.874254430116459202e-01
-9.938120310583696826e-01
-9.109604077884251305e-01
-9.980759053203027698e-01
-9.944910526800154749e-01
-9.847530271037578942e-01
-9.803653009857865586e-01
-9.333719585657561657e-01
-8.791518363605597131e-01
-9.475742825949293735e-01
-8.856172198321000666e-01
-9.805157073946585422e-01
-9.519886029897713930e-01
-9.638994533508694618e-01
-7.689771998834135092e-01
-9.983893326054411599e-01
-9.610392515342385256e-01
-9.902530165042934263e-01
-9.963344842792564160e-01
-9.793147546726291841e-01
-9.844248130139338082e-01
-9.116898491696924234e-01
-9.629776480210493483e-01
-9.890162762052848722e-01
-9.745120698409793780e-01
-9.985026218947615773e-01
-8.999729978139467956e-01
-9.990231105482617613e-01
-9.734953403470395505e-01
-9.600192921827627179e-01
-9.811052195724587754e-01
-9.985952651747419528e-01
-9.627990792246571283e-01
-9.982847459586600136e-01
-9.524218907707444615e-01
-9.551648211062843119e-01
-8.942928077079866922e-01
-9.714693055585168491e-01
-9.703054804247701615e-01
-9.771838020281730097e-01
-9.597382759766009963e-01
-9.901863422788077518e-01
-7.059567227391767563e-01
-9.752275865740752669e-01
-9.673790232184571458e-01
-9.996468370133093639e-01
-9.932246085792428847e-01
-9.924324164786921809e-01
-9.005870396401016720e-01
-9.384450159844295314e-01
-9.987889369011558882e-01
-9.944514741056947882e-01
-9.721653146470280449e-01
-9.766522122928591454e-01
-9.707321669376649531e-01
-9.132446962064129092e-01
-7.260224491678487491e-01
-9.361262173589993685e-01
-9.211091310016303879e-01
-8.880093668004621632e-01
-9.503882342818007478e-01
-8.794668011833091104e-01
-9.663495547966012289e-01
-9.007582042539890033e-01
-9.939034101394603749e-01
-9.214240408659916115e-01
-9.412105394991894247e-01
-9.882658923820492047e-01
-9.846983679706855508e-01
-9.521103265720538555e-01
-9.962529022569064363e-01
-9.760812610247977528e-01
-9.861281192454111055e-01
-9.985889645115575419e-01
-9.458459428144295744e-01
-6.963532605616824522e-01
-8.901961663641687617e-01
-9.822395642280751238e-01
-9.960514599886645115e-01
-9.014823034310789351e-01
-9.987807796878784838e-01
-9.747256336000154064e-01
-9.378200697220314686e-01
-9.930578073583934406e-01
-9.894734059668054416e-01
-9.921777440198360498e-01
-9.794045287145819456e-01
-9.930930755753558659e-01
-9.992375611365573729e-01
-9.716433008852911613e-01
-9.923153748342592451e-01
-9.881895415669318394e-01
-9.680778207167035632e-01
-9.927320307902937069e-01
-8.555580556724542429e-01
-9.807035918475149883e-01
-8.824213966768984507e-01
-9.100887144903538895e-01
-9.061903603661539686e-01
-9.865121167729523632e-01
-9.007236832691963846e-01
-9.902088617905683288e-01
-9.773166743883623386e-01
-8.881489967085512971e-01
-9.641935004581900781e-01
-6.529462698169974377e-01
-8.132932730321561499e-01
-9.479126028268277659e-01
-9.289287504421709363e-01
-9.831985612960516541e-01
-8.351375697747110971e-01
-9.915288058838405139e-01
-9.014830052582698539e-01
-9.956264879592174877e-01
-9.830879416069324694e-01
-9.668224941376339920e-01
-8.552231333796072033e-01
-9.880676217993742405e-01
-8.405645524135083591e-01
-9.688105931206946186e-01
-9.987194290192923374e-01
-8.864234246305431331e-01
-9.698003397722094743e-01
-9.906850000111077081e-01
-9.709305157344646497e-01
-9.536215895646895646e-01
-9.962175763085917568e-01
-9.913709546170381692e-01
-9.977395130262320944e-01
-9.969642863468026750e-01
-9.789232727534776801e-01
-9.353599439172127772e-01
-9.559702150359240536e-01
-9.642886655027615994e-01
-8.719276614813937787e-01
-9.615965879703155528e-01
-7.119258111653747889e-01
-7.998353698607770790e-01
-9.151828774475593287e-01
-9.530707885692152326e-01
-9.169091985081202489e-01
-9.985834114831740882e-01
-8.931092306628363175e-01
-8.612371982535588222e-01
-9.791780174993927055e-01
-9.888432787445902150e-01
-9.348520014560453006e-01
-9.921230364588059514e-01
-9.677224423646859641e-01
-9.976603356229699626e-01
-9.918785520124957511e-01
-9.645068383153880820e-01
-9.786227723819075353e-01
-9.458094395788969599e-01
-9.730704106722120050e-01
-9.979713796229986444e-01
-9.935310783064973394e-01
-9.869561389199608126e-01
-8.216643415681953444e-01
-9.844036511765189568e-01
-8.598025700162610363e-01
-8.352706001592755669e-01
-8.216785016703329614e-01
-8.848420657818799606e-01
-8.294592137722782699e-01
-9.705504703884021422e-01
-9.626870046905322553e-01
-8.039215583538477095e-01
-9.226810054471475953e-01
-9.903955922077395391e-01
-8.634359672186655565e-01
-9.846167193120478611e-01
-9.864702986690513375e-01
-9.955997110070545775e-01
-9.993753484682318389e-01
-9.765260793121679495e-01
-9.976856756809745486e-01
-9.978631152178730757e-01
-9.908572275598428458e-01
-9.228488362035380810e-01
-9.943793202366418837e-01
-7.115088722632676443e-01
-8.817210398748818179e-01
-9.335958604676691808e-01
-9.915198381704655173e-01
-9.754027157735071230e-01
-9.328767174931723583e-01
-9.845752651854424720e-01
-9.530183343318875400e-01
-9.984167675179239643e-01
-9.977664834130134386e-01
-9.663353409642725378e-01
-9.989077923701774608e-01
-9.815329333767750519e-01
-9.903277832843225825e-01
-9.744631008728311672e-01
-9.659702711190403246e-01
-9.270616255758939994e-01
-9.629281175550785665e-01
-9.982986387941614748e-01
-9.865466783875876944e-01
-9.998368747419541513e-01
-9.035678340940818121e-01
-9.666656942333474722e-01
-9.979520597740328958e-01
-9.983317442043893042e-01
-9.212359736729822668e-01
-9.678846957766447101e-01
-8.097782004013870383e-01
-9.123462444687789885e-01
-9.957589869841944052e-01
-9.955244959368176882e-01
-9.518193193141308850e-01
-9.994884431913468870e-01
-9.992609804564700493e-01
-8.579702033320869559e-01
-9.864135314701615309e-01
-9.737806675687475932e-01
-9.903487361931014865e-01
-9.629508917440932070e-01
-9.065836116438424908e-01
-9.711381798871637772e-01
-9.960422655395446689e-01
-8.288310484919471088e-01
-9.934927942310178839e-01
-9.257335706394124175e-01
-9.157464172577484129e-01
-9.211566765572626325e-01
-9.991319597508607764e-01
-9.352052695604612387e-01
-9.916655876543289949e-01
-9.602152646380478496e-01
-9.878919116052250482e-01
-9.252937928305857707e-01
-9.971095284451964025e-01
-9.217507717271171686e-01
-8.552075917504193825e-01
-9.698691689003383631e-01
-9.912529166221443200e-01
-9.978737192362618913e-01
-8.655668617439854495e-01
-9.994268142963800283e-01
-9.988665462034601594e-01
-9.974731082899468415e-01
-9.868903141651799160e-01
-9.877962096524759428e-01
-9.699730641178193613e-01
-8.425687729163154893e-01
-5.940365475869161527e-01
-9.892635445096319424e-01
-9.271875285873474315e-01
-9.262242442374331031e-01
-9.773344945792763472e-01
-9.722778936405440664e-01
-8.653788450612618366e-01
-9.868135834570532783e-01
-9.899459077787883254e-01
-9.340002670629163894e-01
-9.970977493320432039e-01
-8.203336405580863300e-01
-9.853012165110807130e-01
-9.316752996178278012e-01
-9.961173584436588957e-01
-9.515520949664553196e-01
-8.230338945340464063e-01
-9.177962569436227680e-01
-9.862647974671573392e-01
-9.599961142589350516e-01
-9.991411376160684865e-01
-9.928681703590017671e-01
-9.649067169963315704e-01
-9.752235342854381761e-01
-9.934315864819176500e-01
-9.986513418888379734e-01
-9.718875420379127217e-01
-9.117864940299045262e-01
-9.935071759372247069e-01
-8.867400172457180485e-01
-9.918099732950240721e-01
-9.189824695812117694e-01
-9.738338870133106395e-01
-7.386209875961842197e-01
-9.260870343047032938e-01
-7.816629853285504970e-01
-9.907939737274659153e-01
-9.554055345657538334e-01
-8.731777312154105353e-01
-9.530542653042398671e-01
-9.507241193265276724e-01
-9.862252793593240252e-01
-9.774459548397899100e-01
-9.494702898728594187e-01
-9.736123917458466837e-01
-9.020090288183999494e-01
-9.852315345856039741e-01
-9.884235858909876660e-01
-9.458331941945804511e-01
-9.608647909492437078e-01
-9.629797220089605370e-01
-9.381248543086222469e-01
-8.545406583038042125e-01
-8.070390681447399128e-01
-9.916274101395079477e-01
-9.186575911105617775e-01
-9.298534518214186528e-01
-9.917958980331870178e-01
-9.636044345827423641e-01
-7.967655022454853686e-01
-9.996890289071330704e-01
-9.961825606563752267e-01
-8.952623968587808401e-01
-7.102484401333160058e-01
-7.575851174706784708e-01
-8.055615436785701355e-01
-9.648705584114709577e-01
-9.118987385251577926e-01
-9.516315013357985464e-01
-9.543296412116722971e-01
-9.397581100674573529e-01
-9.160857363354765193e-01
-8.016559365501778611e-01
-8.950358808993074122e-01
-9.793015619749362299e-01
-9.473834216779571937e-01
-9.514436529443601742e-01
-9.723099905612432314e-01
-9.902440980180851060e-01
-9.310725668219688167e-01
-9.862948723689876074e-01
-9.983928037982998660e-01
-7.888815501986334855e-01
-9.170264346752865503e-01
-9.234333906783503965e-01
-9.854702792252878485e-01
-9.979647551660209004e-01
-8.534115264165140768e-01
-9.337449444241705532e-01
-9.288824120941315821e-01
-8.931945167547437059e-01
-9.406862627626124684e-01
-9.544198023586788482e-01
-9.660207110159166888e-01
-9.923244816185404771e-01
-9.592460816260909295e-01
-9.545551928607755032e-01
-9.636555889821188936e-01
-9.917898416946837603e-01
-9.712654963743020398e-01
-9.801763990801019011e-01
-9.575201258966835605e-01
-9.599471181736324299e-01
-9.041434201074091126e-01
-9.842783273445836478e-01
-9.779018125004531603e-01
-9.241119522522946994e-01
-9.986582484596613352e-01
-9.983490224239583988e-01
-9.629634980598501537e-01
-9.960825397813062310e-01
-8.910415073853313883e-01
-9.154027790401276787e-01
-9.983487048432935218e-01
-9.453577148366376637e-01
-9.868011998029794229e-01
-9.034430810099900455e-01
-9.210693136659615643e-01
-9.403200656472814334e-01
-9.784329348983639152e-01
-9.969788723453960610e-01
-8.046235547972960811e-01
-6.655442797563775326e-01
-9.986519758707731453e-01
-9.842694123817274932e-01
-9.597825428333724984e-01
-9.787509574829895698e-01
-9.864371292408850023e-01
-9.645704389339415652e-01
-9.508778728747824260e-01
-7.822885938018662166e-01
-8.238236114104923180e-01
-8.971333151515532567e-01
-7.539356531475485124e-01
-9.178201575984524796e-01
-9.952262175159063418e-01
-9.576008641896194273e-01
-9.513010597826767611e-01
-7.947640181659263448e-01
-7.817185796366179495e-01
-9.846255146000303382e-01
-9.429369966693579297e-01
-7.922607110757664550e-01
-9.894243042476275063e-01
-9.713635987965506535e-01
-9.498789838531251917e-01
-9.076237103967144115e-01
-9.301328182291257463e-01
-9.545475727328016635e-01
-9.526110495115573951e-01
-9.225313652606789150e-01
-8.898314448208609617e-01
-9.974308577972865741e-01
-9.682321899011637756e-01
-9.564249624390610549e-01
-9.052491032955033434e-01
-9.954531275115692246e-01
-9.642549855452197116e-01
-9.859511160733860358e-01
-9.988965453619859103e-01
-4.706242946251184556e-01
-9.777203829767211474e-01
-9.966502940614984096e-01
-9.924890524228210387e-01
-9.010243787887545208e-01
-9.859298672657265117e-01
-9.849608678048944466e-01
-9.787197110509062714e-01
-9.370950581613819441e-01
-9.719152569023055133e-01
-9.834833191071750136e-01
-9.822308673481815466e-01
-9.583456463158915861e-01
-9.317780233551595792e-01
-9.876336734638389014e-01
-8.229552629307415046e-01
-8.800743396388338580e-01
-9.851432706972009790e-01
-9.750685772369502846e-01
-9.990179040559749035e-01
-9.557531980066226174e-01
-9.261602460603556297e-01
-9.723147696536360574e-01
-9.543460473865478244e-01
-9.189334113765520451e-01
-9.501121972658448378e-01
-9.726345149299570059e-01
-9.293696226105311320e-01
-8.685392065344421653e-01
-9.524487012364383220e-01
-7.729150940095057543e-01
-9.651684897504189120e-01
-9.960970768461864244e-01
-9.292797690755263407e-01
-8.679042880285566808e-01
-9.182049813339450139e-01
-9.721802936187552424e-01
-9.955436395251066051e-01
-9.022076973276150769e-01
-8.689704734746301895e-01
-9.867710797985181914e-01
-9.716291978303970289e-01
-9.964461391585016647e-01
-9.878646151179442114e-01
-9.902810643034170024e-01
-9.850167672152160270e-01
-8.659983573511510491e-01
-9.361463004143227851e-01
-9.995656790004479042e-01
-9.491515486507404731e-01
-5.912261452587838084e-01
-9.319250366500732019e-01
-9.818850050062543078e-01
-9.951947949487519596e-01
-9.471990790921572811e-01
-9.993708561922882705e-01
-8.738788410187272593e-01
-9.605977304033427311e-01
-9.877462407653256893e-01
-8.276428195571708946e-01
-8.996891270617098924e-01
-9.925601894123045055e-01
-9.875433576973139393e-01
-8.118417696935146255e-01
-9.858301525898512940e-01
-9.880474762605242489e-01
-9.616345608985681359e-01
-8.725220266008345549e-01
-8.828296953991595641e-01
-9.902312483796917864e-01
-8.934488056389999766e-01
-9.661353058459462018e-01
-9.867214070353732547e-01
-9.927644682114995511e-01
-9.498799309958324555e-01
-9.905351822693195807e-01
-9.989938467692838220e-01
-8.826150988388533625e-01
-8.252266780876551522e-01
-9.979990641695433151e-01
-9.959240185100570741e-01
-9.936329662667600093e-01
-9.777920909942626748e-01
-9.977563051790628856e-01
-9.993858795757661895e-01
-9.935718403472859617e-01
-9.163106833429478515e-01
-9.808977254972341964e-01
-9.864940601216597438e-01
-9.556011779467938894e-01
-9.021349934509591550e-01
-9.710322335193626309e-01
-9.890692613170793956e-01
-9.923444951176091378e-01
-8.808145495001118430e-01
-7.880938141427973331e-01
-9.922234548970154666e-01
-9.398841725852598028e-01
-9.880244072070837325e-01
-9.744076319092578320e-01
-9.334002053819541178e-01
-9.957144292810433672e-01
-9.443152431441300676e-01
-9.577750899190464740e-01
-9.545845914177765179e-01
-9.609738597735538734e-01
-9.981004209913826308e-01
-9.872735228014893893e-01
-9.931421683343054641e-01
-9.512278460881783415e-01
-8.754939360481426291e-01
-9.936507694436023108e-01
-9.068351477359614110e-01
-9.780935225603913930e-01
-9.755386185439463009e-01
-9.722315897505120486e-01
-8.878854033836711679e-01
-8.223219332466559228e-01
-7.473379754270850217e-01
-9.984252774174201539e-01
-9.726707171880054625e-01
-9.974359141768073256e-01
-7.804995128464951026e-01
-9.623647286352815522e-01
-9.659067972805194247e-01
-9.713142886892935923e-01
-9.869122434267715294e-01
-7.968202865625775289e-01
-9.689989589239482726e-01
-9.390289417495550905e-01
-9.982104219968869208e-01
-8.726927946936637870e-01
-9.444193652349394119e-01
-9.899817844490430563e-01
-7.911125700528085503e-01
-8.837736612918934975e-01
-9.685509173279772677e-01
-9.449593247867841272e-01
-8.913331125142831546e-01
-8.791654914210778049e-01
-9.965531610803066709e-01
-8.386026851964237805e-01
-9.396389167423118138e-01
-9.913472650567747291e-01
-8.343475454879073494e-01
-8.850640867077417262e-01
-9.364279555334701355e-01
-9.995414143287100206e-01
-9.048694281200767575e-01
-9.658125481829996639e-01
-9.385017103997332910e-01
-9.547538371177832772e-01
-9.996084619306271346e-01
-9.818742824445364503e-01
-8.297767462209753031e-01
-8.959024768353710533e-01
-9.950024079002751654e-01
-8.972348748931562312e-01
-9.501007025886332169e-01
-9.158469670905021731e-01
-9.503765611483812048e-01
-8.685523729041056962e-01
-9.974770262057914838e-01
-8.138705145657277873e-01
-9.916664310163635365e-01
-9.349797494720847313e-01
-9.992098801661539742e-01
-9.599768725675646985e-01
-9.230614545564167495e-01
-8.788641620691466372e-01
-8.598806465242309072e-01
-9.933336104773099473e-01
-9.591343983934209616e-01
-9.826662428149842698e-01
-9.661725072865454678e-01
-9.887338634249117630e-01
-9.940367179172038270e-01
-9.206403425736612300e-01
-8.092077412814131510e-01
-9.599928495641421033e-01
-9.861808578776046774e-01
-9.952669689414401777e-01
-9.608984729042236994e-01
-9.818568078830467449e-01
-9.815760000780318073e-01
-9.802282807189843794e-01
-9.799002528256325339e-01
-7.991632971075346425e-01
-9.879219779624858200e-01
-9.995597478355310317e-01
-9.965472378422187694e-01
-8.893307038666417030e-01
-9.981573810440548256e-01
-9.908194676478309093e-01
-9.698393102689885081e-01
-9.295622810280359527e-01
-9.969532123202642371e-01
-9.827744353254979082e-01
-9.966228260674624417e-01
-9.201971133804308645e-01
-9.454115101731073167e-01
-9.667204681608194683e-01
-9.153731965429162676e-01
-9.719641267440385368e-01
-9.987468860139591120e-01
-9.918420187384989761e-01
-9.890842362442852087e-01
-7.956825108391363255e-01
-9.994589215041246311e-01
-9.971203373400046033e-01
-9.802156056550460628e-01
-9.823901472763358900e-01
-9.466703155686816418e-01
-8.370311904189692287e-01
-8.619624740556712794e-01
-9.497775325977727556e-01
-8.126433665395921269e-01
-9.786991462115908202e-01
-9.785980509212303113e-01
-9.984978554941120743e-01
-9.857504691238943018e-01
-8.394729862524800135e-01
-9.929878500690054732e-01
-9.555074007028172556e-01
-9.440003301681235692e-01
-9.014918195603864870e-01
-9.802015230272628221e-01
-7.908179667848349581e-01
-9.981835285774144362e-01
-9.975524900474199708e-01
-9.340045247750095037e-01
-9.625263447213505685e-01
-8.310692264166374965e-01
-9.292102393164548557e-01
-7.251934694708583873e-01
-9.807145992704064952e-01
-9.984760426935740396e-01
-9.720727685018636377e-01
-9.935312335479977719e-01
-9.804957797089138838e-01
-8.991956626917410045e-01
-9.961781596413926687e-01
-9.976933877326195077e-01
-8.388335143582601461e-01
-9.921813800330629984e-01
-5.588626006678456548e-01
-9.868682882479303808e-01
-9.991551695287882451e-01
-9.859613303592134059e-01
-7.199530111863324811e-01
-9.993338765283247271e-01
-9.897594740057422680e-01
-9.800447318217528903e-01
-9.850969803046458750e-01
-7.984511795631163977e-01
-9.552585256235692768e-01
-9.931190305042238986e-01
-9.876514673957936807e-01
-9.931642586607313250e-01
-9.024645802391317861e-01
-9.666691721810450888e-01
-8.331295212126207383e-01
-9.603127514825690048e-01
-9.958715028368655409e-01
-9.067934798871326585e-01
-9.615707888924569513e-01
-8.632875956558183628e-01
-8.933968069141031698e-01
-9.229542353417299339e-01
-9.943178499794755876e-01
-9.987335772795250532e-01
-9.904007559562395535e-01
-8.462150380101820524e-01
-9.453314284560561109e-01
-9.964260183987678765e-01
-7.547550477744017217e-01
-9.204981837705931147e-01
-9.856284500681899985e-01
-9.916173407655699545e-01
-9.594965754782108780e-01
-9.678120362501103635e-01
-8.167728332493057186e-01
-9.991392637702650736e-01
-9.988177821322907768e-01
-9.951766903041150414e-01
-9.347405792886651632e-01
-9.259286913194437751e-01
-9.504241863145026503e-01
-9.661636240124893416e-01
-9.996416629248412455e-01
-9.784366602861760409e-01
-9.938176254388986219e-01
-9.634904656373596277e-01
-9.073857360331892830e-01
-8.279252766030973376e-01
-9.972557349619723954e-01
-9.342781352434742503e-01
-9.914619702707587745e-01
-5.829178002761465915e-01
-9.878915141248169052e-01
-9.826318810956518046e-01
-9.708529056482488873e-01
-8.515487030388099177e-01
-9.183074944112266103e-01
-9.993821171607225606e-01
-9.579562504622757269e-01
-9.509084453039126084e-01
-9.935093077154371066e-01
-9.918729304079756393e-01
-9.708904362729117166e-01
-9.972664854843107385e-01
-9.929646321175749080e-01
-7.445218801206756609e-01
-9.959407110970391885e-01
-9.532261345307239120e-01
-9.972920167103764832e-01
-9.937550586652778017e-01
-9.722108196167681404e-01
-9.687424121668040122e-01
-9.970749393136764116e-01
-9.812749832996944255e-01
-9.948486830340248499e-01
-9.336796589892237819e-01
-9.267956212115525672e-01
-9.986832680604393886e-01
-9.882890624927143097e-01
-9.953999464806307929e-01
-9.925211506400676287e-01
-9.988249253932373062e-01
-7.676978783064072331e-01
-9.833823518444070322e-01
-8.491348505452454010e-01
-9.922250600138670107e-01
-9.847915356392815678e-01
-9.958283741690671098e-01
-9.631369060612324784e-01
-9.396432386974227224e-01
-9.480303515592677366e-01
-8.864821735685575188e-01
-8.720467757628056482e-01
-9.619426338417946809e-01
-9.745611551685140483e-01
-8.187350103774451160e-01
-9.839773035432424209e-01
-9.837048810221695749e-01
-9.578676973267687966e-01
-9.990425015260328001e-01
-9.920284047665415272e-01
-9.964168584732593370e-01
-9.850776439266104578e-01
-9.965206752916996313e-01
-7.579305413620291976e-01
-9.976887079215573939e-01
-9.992113326808418350e-01
-8.475482660377311461e-01
-9.748475812217424208e-01
-9.407224486282530496e-01
-9.169623449238192281e-01
-9.061368772390149262e-01
-9.388058558327289083e-01
-9.992120471476603205e-01
-8.996301101195456340e-01
-9.984367973008149155e-01
-9.242274583346080652e-01
-9.966994098768917620e-01
-9.014541435503636846e-01
-9.940304015101006918e-01
-9.900818739797896395e-01
-9.250979508827739117e-01
-9.955603769184335761e-01
-9.916742443427056797e-01
-9.180896593127934047e-01
-8.412264733605983036e-01
-9.465905598192567716e-01
-6.929542883482052718e-01
-9.988723700230450753e-01
-9.866793422870125951e-01
-9.929999216416726115e-01
-9.092125139134440426e-01
-7.107846264130738279e-01
-9.934862029865527688e-01
-9.235074320183578322e-01
-9.893566073892827717e-01
-9.806276209109342501e-01
-9.164092207791896261e-01
-9.878787845713499216e-01
-9.667247667843040793e-01
-9.621978606871873785e-01
-9.671607105421805572e-01
-9.939449609847698097e-01
-8.964487735526620593e-01
-9.733401955912126535e-01
-7.793918130601993344e-01
-9.800400823154730157e-01
-9.444130541580977312e-01
-8.644142201562546868e-01
-9.987351973927955928e-01
-9.582809718339524441e-01
-8.990989780524357711e-01
-9.857997926950424761e-01
-8.317005658666489776e-01
-9.966028979910501739e-01
-8.784732341978793713e-01
-9.842422742303159611e-01
-9.731655475390613708e-01
-9.620663402185659629e-01
-9.550621155913719962e-01
-9.785512680833960975e-01
-9.764567530231573755e-01
-9.842178511749783976e-01
-9.771439862300413948e-01
-9.455426198054819320e-01
-9.897488848268093387e-01
-8.802139965673648758e-01
-8.691210262822948174e-01
-9.805171999430052354e-01
-9.153796900487820576e-01
-9.172323936733207672e-01
-9.218899915021612212e-01
-9.967604296099106254e-01
-8.993895949199220974e-01
-9.987072003457257985e-01
-9.970440368668413988e-01
-9.995230791563451955e-01
-8.906722328170246783e-01
-9.457746467094649834e-01
-9.929566809552271556e-01
-9.849498315689505512e-01
-8.806908885743834903e-01
-7.270670481481351644e-01
-9.545330575071017121e-01
-8.335072484744231458e-01
-9.557452246059783274e-01
-9.969128483375253591e-01
-8.807094618466235758e-01
-9.514932302901489836e-01
-9.391789151110492284e-01
-9.991459550500660924e-01
-9.936259245629494030e-01
-9.733660439256995867e-01
-9.990291154832902087e-01
-9.982506963432494773e-01
-9.954156081702537628e-01
-9.977324585412542524e-01
-9.327799994160277386e-01
-9.953207661302395648e-01
-9.949165814768432536e-01
-9.306079713595322156e-01
-9.841680536715633476e-01
-9.809804861318890401e-01
-9.964566359663998840e-01
-9.876649364099345796e-01
-9.417236863826096149e-01
-9.961741105698221910e-01
-9.896261335273007775e-01
-9.814456570696219462e-01
-9.977003948212986861e-01
-9.830991790047689527e-01
-9.096846043974041729e-01
-9.790904549077382724e-01
-9.649140822191795142e-01
-8.248135291271639913e-01
-9.450662419564377359e-01
-9.989380484004654059e-01
-9.433192291934388019e-01
-8.916804220404309644e-01
-9.787630644662392854e-01
-9.903570995484637374e-01
-9.686852711122658777e-01
-9.882161109728572201e-01
-9.728690792503719154e-01
-9.858479918960844079e-01
-9.433834317042524287e-01
-9.192124278024952355e-01
-8.771058725923907007e-01
-9.993535919003043722e-01
-9.871357557222840695e-01
-7.605018018186386897e-01
-9.931578105731776462e-01
-9.201376302398570628e-01
-9.971392431833380199e-01
-8.616441434600046190e-01
-9.181849742410783666e-01
-6.882641735710175457e-01
-9.895036240314299958e-01
-9.951344614315874582e-01
-9.953786332869580811e-01
-9.989528642512101042e-01
-7.997061929219575482e-01
-9.791754960890568515e-01
-9.834039223192271306e-01
-9.054704795452160893e-01
-9.051367669424634776e-01
-9.625498777072348799e-01
-9.972503363127912523e-01
-9.894389915126624580e-01
-9.982264209332597504e-01
-8.617054774225199054e-01
-8.257457808367775209e-01
-9.078395171498551131e-01
-8.459255772554512554e-01
-9.925836133416898743e-01
-9.996544820579542634e-01
-9.457562159188744877e-01
-9.969253319738261565e-01
-9.980164339601274026e-01
-9.707153518777534851e-01
-9.991599745320487447e-01
-8.890538993594238049e-01
-9.273051852552328667e-01
-7.387987931482373760e-01
-8.941781002174825632e-01
-9.968454544468535738e-01
-9.506270718562278565e-01
-9.183012309743134871e-01
-8.185126786154135470e-01
-9.750205486533517485e-01
-9.518802194151628759e-01
-9.445916057836233337e-01
-9.101040513730871417e-01
-9.714305288493146895e-01
-8.706773882951559518e-01
-9.070660425767513857e-01
-9.948177694128358395e-01
-9.460250716960393325e-01
-9.478560397248237956e-01
-9.551624539410231707e-01
-9.994559346658185017e-01
-9.774921307575272778e-01
-9.951149822283469337e-01
-9.923132206339804195e-01
-9.551380215879775593e-01
-9.340442650159745952e-01
-7.547314484234874943e-01
-7.649598932510213167e-01
-9.946417316624449612e-01
-9.955849854107334806e-01
-8.867942655192453394e-01
-9.717544086258137481e-01
-9.772409133935899828e-01
-8.976688963288539380e-01
-9.839485727011457739e-01
-9.633471920650898968e-01
-9.981963915086243810e-01
-9.472732974560031938e-01
-9.735790426148112076e-01
-6.848480144181631202e-01
-9.244383113314889044e-01
-9.927810348091308246e-01
-8.803694842008160659e-01
-9.944303082200540711e-01
-9.916979482426233616e-01
-9.950660116093346108e-01
-8.698010911972728909e-01
-8.890956740601732022e-01
-9.758592468431595002e-01
-9.106114155014092271e-01
-8.397458934283957843e-01
-9.875479748495026300e-01
-9.733150810914089623e-01
-9.153481338283608881e-01
-9.822566592437083077e-01
-9.720159155637819737e-01
-9.944432386914845434e-01
-9.361872946017510966e-01
-9.567541850621947841e-01
-9.664247844302307211e-01
-8.757481967851270532e-01
-9.782293751194544029e-01
-9.558625107312401781e-01
-9.975319549770684802e-01
-9.967398960079763004e-01
-9.966536086333480648e-01
-8.570715556346479858e-01
-9.826559274853777781e-01
-9.670237167154710489e-01
-9.231768068469073940e-01
-9.403633090946258433e-01
-9.929658562589835924e-01
-9.862557741651616361e-01
-9.938044804066238358e-01
-9.828117335361852280e-01
-9.060541258565245615e-01
-9.854690642051415761e-01
-9.896735552007874803e-01
-6.269662160801040551e-01
-9.987727115209603657e-01
-9.387952019563728934e-01
-9.864125546529717292e-01
-8.786854111085179442e-01
-9.866697410946838609e-01
-8.879560212900824423e-01
-8.401258152861074135e-01
-9.966359692992567965e-01
-9.777834691866067462e-01
-9.887200503593807088e-01
-9.521494411148460069e-01
-9.379838119887160541e-01
-9.518461298913747370e-01
-9.982900877532917550e-01
-9.957724607065100431e-01
-9.342347421959369402e-01
-9.360219152059592318e-01
-9.953766339161367327e-01
-9.127853940752324036e-01
-9.783152788268475453e-01
-8.096360371473800832e-01
-8.993788597065311974e-01
-9.227681812299288744e-01
-9.862497013861507567e-01
-9.522534367696364743e-01
-8.140972394528115386e-01
-9.983126094948694407e-01
-8.698507818210832188e-01
-9.708472672353126720e-01
-9.957927159049476673e-01
-8.993389411046120996e-01
-7.089406921003071904e-01
-8.369373775958136585e-01
-9.887607115811262171e-01
-9.847734004006940545e-01
-9.293775507743161635e-01
-9.827414338450753961e-01
-9.932964482507556925e-01
-9.926867294789567531e-01
-9.967004649658181004e-01
-9.941525090366610806e-01
-9.523728207720781880e-01
-9.806001742867624937e-01
-9.707739702422659711e-01
-9.902099666295804958e-01
-9.276888987821867438e-01
-7.815573533936921446e-01
-7.937342500272124290e-01
-9.851040411785028095e-01
-9.586640781447697268e-01
-9.279106435137668418e-01
-9.414348916785685306e-01
-8.407231586673264978e-01
-9.976800862624828348e-01
-9.372981058946687760e-01
-9.799824486559924885e-01
-9.421496602090302375e-01
-9.826452703081760554e-01
-8.674870652565517259e-01
-9.829663476663162980e-01
-9.933437107314444514e-01
-9.421873515670612376e-01
-9.590397866675468563e-01
-8.604968813818165696e-01
-9.449559508422112897e-01
-9.880140751593646797e-01
-9.454204703444439861e-01
-9.993505833452619447e-01
-9.980071210191153730e-01
-9.986535239028764277e-01
-9.223917730901076695e-01
-7.950376308927989966e-01
-9.701007183498030484e-01
-9.781353397331016275e-01
-9.657219508979995037e-01
-8.281285249597565290e-01
-9.737377519365257861e-01
-8.573127873829416989e-01
-9.394018137184115824e-01
-9.943015165410958867e-01
-9.049457229507915645e-01
-8.341315911713931275e-01
-8.478323149251676405e-01
-7.771899976676280852e-01
-9.385620602941175949e-01
-8.992852467562633123e-01
-8.163497303819994277e-01
-9.749977954631121602e-01
-8.454281713033182655e-01
-9.722497779246089822e-01
-7.794355341016001582e-01
-9.876967576483404176e-01
-8.717756893554527986e-01
-9.741552527743939649e-01
-9.984166408704305828e-01
-9.927221003831535606e-01
-9.747454355883280464e-01
-9.800416471240809280e-01
-8.025185031124500989e-01
-8.798532336643177798e-01
-9.542861405145564024e-01
-9.820499665849076187e-01
-9.993890423365331399e-01
-8.146917513394419386e-01
-9.995326375216034842e-01
-9.456550991083494395e-01
-7.829408958887054126e-01
-9.263236555664861038e-01
-8.935864812165016380e-01
-9.234615424942763662e-01
-9.352953637902537976e-01
-8.954405386598133232e-01
-9.994121504556215951e-01
-9.713350148342804191e-01
-9.983892708097542590e-01
-9.647594344871336380e-01
-9.869726163134527885e-01
-9.957216929020813456e-01
-9.978089344204467137e-01
-9.960109788301235723e-01
-9.068674059570206447e-01
-9.982755625736550176e-01
-8.489660212186942445e-01
-9.984236854908601355e-01
-9.507035007715700647e-01
-9.975335305591634949e-01
-9.860045669395764989e-01
-8.511489639675167140e-01
-9.939661179184228201e-01
-9.688483800003832025e-01
-9.813501631751846421e-01
-9.757463673546332705e-01
-9.703564565807846209e-01
-9.824769609185508568e-01
-9.801963565392072253e-01
-9.909041218918319682e-01
-9.476953379775414632e-01
-9.806842099352504061e-01
-9.984563482757348174e-01
-9.966300425365023363e-01
-8.935480447379094970e-01
-8.704608452274713581e-01
-9.815626627511865321e-01
-9.360708766641890888e-01
-9.750132548826569989e-01
-8.905416367796951116e-01
-9.563475168503501322e-01
-9.984786398457276002e-01
-9.865052279063256657e-01
-9.205872455464930715e-01
-8.481151643789770489e-01
-9.262793165595081257e-01
-9.257785760238693706e-01
-9.929031709117641658e-01
-9.442579884874560125e-01
-9.902290522851775467e-01
-7.828354845151488384e-01
-9.996350100709922026e-01
-9.564120191037168706e-01
-9.324595216741498049e-01
-9.133465936364006943e-01
-8.978114264063719041e-01
-9.928354551374624082e-01
-6.667261102615882340e-01
-8.271755435443075566e-01
-8.021162844090157229e-01
-8.200034285001591705e-01
-8.338766555132268721e-01
-8.645567519204956364e-01
-9.832384925587114299e-01
-9.906934140874757988e-01
-8.009974066711061935e-01
-7.990174129112835866e-01
-9.959950125511944918e-01
-9.131916871480244557e-01
-9.983289537347318499e-01
-9.034369580510480668e-01
-9.573247027881232052e-01
-9.927130795032701460e-01
-7.384636072797583495e-01
-9.874138900238762506e-01
-7.454308522820860539e-01
-9.819221834224665102e-01
-9.980598901237396348e-01
-9.331686556522429399e-01
-6.406073082790345596e-01
-9.946933244161060284e-01
-9.971886186106734273e-01
-9.354148089634214402e-01
-9.713074287378242744e-01
-8.588676237640892053e-01
-9.883611175431225027e-01
-9.991929594891030275e-01
-8.810858898879244672e-01
-9.779344991168090750e-01
-8.711215937278694588e-01
-9.982693211387065890e-01
-9.183988552072017697e-01
-9.720042975005807051e-01
-8.347174873291184349e-01
-8.565260482976875256e-01
-9.348465378392765146e-01
-8.994076695399862986e-01
-8.209820575448147917e-01
-9.934279412506357154e-01
-9.666665866752216507e-01
-9.083160688605476096e-01
-7.061967358317553511e-01
-9.876640205869741118e-01
-9.776071351548635269e-01
-9.988599118797472087e-01
-8.785015677999744588e-01
-9.188434551705256803e-01
-7.806041466768068871e-01
-9.228275603501403523e-01
-6.908123997066323296e-01
-9.419041345496068640e-01
-9.495027668831097500e-01
-9.607848932578512136e-01
-9.709077261718026541e-01
-9.693787332785621658e-01
-9.922512815564188404e-01
-9.301608940303732753e-01
-9.263862271108557200e-01
-9.900578078185767739e-01
-9.848439908436530388e-01
-9.898556878647398749e-01
-8.684708930831523954e-01
-9.985044040913408914e-01
-9.058576453366605774e-01
-9.042525616524655918e-01
-9.834183608759259343e-01
-9.942512944701256128e-01
-9.984611564734692246e-01
-9.231113947944050713e-01
-8.112940264036990756e-01
-8.120229139681535147e-01
-9.691969365765353839e-01
-9.981002860492118600e-01
-8.955382768002176919e-01
-9.953625019884290159e-01
-9.987691598737211685e-01
-7.412190143451942159e-01
-8.670487868203335946e-01
-9.945648858724821517e-01
-9.995073934268673410e-01
-9.963155793158416929e-01
-8.757557672374612912e-01
-9.985518590943065487e-01
-9.471950934504811404e-01
-9.959477939717619188e-01
-9.446003331393488800e-01
-8.661079894335513840e-01
-9.696120700784244262e-01
-9.701496871494883489e-01
-9.730971392454090818e-01
-9.224560986325577305e-01
-9.530958062660613850e-01
-7.696218683655721149e-01
-9.812623185569928630e-01
-9.948220194038335240e-01
-9.992838144144225998e-01
-9.508432910049992026e-01
-8.343105259071105229e-01
-9.390182988744860682e-01
-9.934440764869073570e-01
-9.982411332401045501e-01
-9.751888872081951876e-01
-9.208884594632894549e-01
-9.926031913598872825e-01
-7.795187253027751062e-01
-9.896765227160393419e-01
-9.374459191466779640e-01
-8.489965107570218716e-01
-9.950125759864619779e-01
-9.251023197436746281e-01
-9.344857604021417075e-01
-9.115114660368994759e-01
-9.996731967199572466e-01
-9.891972425928264867e-01
-6.962182632570130814e-01
-9.949538366505134013e-01
-8.710092628090185807e-01
-9.992279956182800182e-01
-9.465702499129836633e-01
-9.742286493290197580e-01
-9.298493608360901552e-01
-9.035994302337798656e-01
-9.452108829359008313e-01
-9.953287745268334374e-01
-9.667120671175335467e-01
-9.926590291151868861e-01
-9.695641238864238787e-01
-9.995184499105895792e-01
-9.962783897624217788e-01
-9.975130319557113934e-01
-9.845572390069861068e-01
-8.795619516212930256e-01
-9.955553688158277348e-01
-9.963610804440422575e-01
-8.737852500293874503e-01
-9.696717711827718134e-01
-9.879205931750073555e-01
-8.787560559426902396e-01
-9.307066746292477211e-01
-7.820609307803245702e-01
-9.926400979830805049e-01
-9.337888724309728605e-01
-8.432939705575217548e-01
-9.739031476382055130e-01
-9.750763830413071709e-01
-9.925104338952449590e-01
-9.248855398328211797e-01
-8.431429526182151468e-01
-8.887696428864877429e-01
-9.807613433497502919e-01
-9.613448942305252709e-01
-8.665484912375832627e-01
-9.740967606971445703e-01
-9.994415584906269912e-01
-9.984910842476568682e-01
-9.885984008101426079e-01
-9.064809372166748869e-01
-9.859467377745527727e-01
-9.413489209846057637e-01
-8.520150572233152753e-01
-9.645774513491880420e-01
-8.547822187721505482e-01
-9.209976396962380463e-01
-9.799681406081153234e-01
-9.690924637323518054e-01
-9.067962768458343037e-01
-9.017078147675930966e-01
-9.934305386166378815e-01
-9.573124933135930270e-01
-9.927206161581429988e-01
-9.995788988174131307e-01
-9.757443354523911427e-01
-8.608107862197954541e-01
-9.928436332168864009e-01
-8.744037971236201523e-01
-9.850280959729094121e-01
-9.499672263802974026e-01
-9.997743550041378047e-01
-9.838910287597198989e-01
-9.961574142474642901e-01
-9.313242583724536949e-01
-9.973744654341537563e-01
-9.912961339171755260e-01
-8.847073160791065760e-01
-9.907624144202389349e-01
-9.925264467110411770e-01
-9.990908545061470969e-01
-9.606386243327712515e-01
-9.844342063705064927e-01
-9.421011443442899314e-01
-7.031448904084348639e-01
-9.282429997828424151e-01
-9.767704095590555857e-01
-8.734004857486230566e-01
-9.207508302685412094e-01
-9.753551760380924085e-01
-9.476951466194497575e-01
-8.984986431884967040e-01
-8.605946262082454501e-01
-9.594711966129156888e-01
-7.875249542184412643e-01
-9.122313598254641054e-01
-7.647219666540857608e-01
-8.430123592575601288e-01
-9.228127287989724703e-01
-9.989679450330152255e-01
-6.335925507244692945e-01
-8.609579732712465683e-01
-9.983114759983269249e-01
-8.334718701026809784e-01
-8.620547013330538411e-01
-6.701101941869189726e-01
-9.974384975795912434e-01
-9.942193815434295923e-01
-7.833806443997971547e-01
-9.521425259042365363e-01
-9.911252369371438276e-01
-9.001663963947194036e-01
-9.388753409278839390e-01
-9.428350480174955139e-01
-8.728689958732217535e-01
-9.817915344988847881e-01
-9.990960623749118863e-01
-9.908714778513748600e-01
-9.410603037587808029e-01
-9.973732328374309564e-01
-9.375879263416042608e-01
-9.253260413874763168e-01
-7.516058840112711525e-01
-9.986292230815139170e-01
-9.414395038139014016e-01
-9.994597981600179537e-01
-8.717095809510567728e-01
-9.971565939958987324e-01
-9.985722036015869385e-01
-8.903680854610895867e-01
-9.748353969700885857e-01
-9.789182675093971442e-01
-9.322894540887087800e-01
-9.840393104929927581e-01
-9.951113397787821890e-01
-9.974958905918693830e-01
-9.869511603062612881e-01
-9.252910232441026173e-01
-8.744519316540900755e-01
-9.729574861145107167e-01
-8.828935710701850681e-01
-9.923544172489230375e-01
-9.894128481615186432e-01
-9.942281519172212478e-01
-9.787693683794727040e-01
-9.967925867036020460e-01
-9.645700310524639720e-01
-9.348561685319712877e-01
-8.825732366356738856e-01
-9.991500349255851843e-01
-9.462985333371869423e-01
-9.956101558550667363e-01
-9.784414037750971405e-01
-7.765599258599803489e-01
-9.772754129804460677e-01
-9.922268152089676052e-01
-9.327116553687316847e-01
-9.352559467159080597e-01
-9.917342168619709408e-01
-9.976928148930117590e-01
-9.416533251243917046e-01
-9.857108641230518664e-01
-9.284546536843623077e-01
-9.063526568521654836e-01
-9.556742975838095067e-01
-9.992987362297180987e-01
-9.865358029434724285e-01
-9.951551756149946693e-01
-9.829976971797634855e-01
-9.995533699134143690e-01
-9.607879152306063597e-01
-9.843057979626205212e-01
-9.161595972419198652e-01
-9.988169049674259226e-01
-9.421246250405197475e-01
-9.971560625756021867e-01
-9.129269129969720398e-01
-8.957584297987438715e-01
-8.444804089456493523e-01
-8.891956589479965700e-01
-9.149785140469516298e-01
-9.973305238555296715e-01
-9.737984562275913136e-01
-9.963403312283193314e-01
-9.928300713589934823e-01
-9.771578786989885135e-01
-8.825981008619483426e-01
-9.988321733412761638e-01
-9.245110355123361545e-01
-9.747534787329841244e-01
-9.768005094964007373e-01
-9.400685335179606028e-01
-9.639585670050592192e-01
-8.694941010743920673e-01
-6.564662146884588934e-01
-9.466942456702609476e-01
-9.930040074536972128e-01
-9.869632838939549346e-01
-8.530913313955236221e-01
-9.791694904511408781e-01
-9.464905895453280538e-01
-9.712161208787223332e-01
-9.829475062819292841e-01
-9.777187140289533840e-01
-9.952730938628139290e-01
-9.885031223567769532e-01
-9.990181544698482075e-01
-9.573395385405091274e-01
-9.991831533496399187e-01
-9.935397149415694518e-01
-9.896380822305615999e-01
-9.983558297934701509e-01
-9.575675174866041806e-01
-9.995368359928697988e-01
-9.766033268723222083e-01
-9.980935130331456406e-01
-7.835245619372539494e-01
-6.624755719738600890e-01
-9.964548403138353549e-01
-8.714623408734556431e-01
-9.237774645105771842e-01
-8.835148089571476238e-01
-9.619742147563148382e-01
-9.444624029954427069e-01
-9.070382418300095839e-01
-9.414831851821781061e-01
-9.974144234175497115e-01
-9.976851082631369438e-01
-9.850612271325540625e-01
-9.395249119540155514e-01
-8.757878428235393864e-01
-9.627099680629024325e-01
-9.978821841923677383e-01
-9.016803860501971801e-01
-9.450884367488129323e-01
-9.463990568601301501e-01
-9.878390929591549519e-01
-9.995554125483332442e-01
-9.151899090128491343e-01
-9.812767534716876350e-01
-9.950624471142170968e-01
-8.569026364847687205e-01
-9.750738396044599243e-01
-9.994207987182198716e-01
-9.637455970881633194e-01
-9.979920397899518791e-01
-8.959380017386004980e-01
-9.956276676746738108e-01
-9.862860693131761947e-01
-8.766256952730524521e-01
-9.256674041558823340e-01
-8.592483085564724954e-01
-9.604057234787687358e-01
-7.366189861395467942e-01
-9.915321224871183059e-01
-9.210898589166240935e-01
-9.870077186146225534e-01
-9.991366860974553177e-01
-8.608555648995800391e-01
-9.914875941336368514e-01
-9.381638703194301598e-01
-9.443788933796526397e-01
-9.457497201256137576e-01
-9.051390990809409232e-01
-8.593693793322770835e-01
-9.249174723046521551e-01
-9.280975945921607906e-01
-9.147846493355855646e-01
-9.975502552278655566e-01
-9.107917857990424082e-01
-9.994707489308141124e-01
-9.817650773584990498e-01
-9.322927458414722590e-01
-8.920955870382440978e-01
-9.965698832821591191e-01
-9.368964740975963545e-01
-9.655060642557392603e-01
-9.877406140984062999e-01
-9.358270502993133455e-01
-9.943563958240065892e-01
-9.979770459922981951e-01
-9.934596229850841675e-01
-9.130607054146071544e-01
-9.708320867282166367e-01
-8.766862857617095939e-01
-8.660059909021431412e-01
-9.551250868329731469e-01
-8.217974972408267353e-01
-9.779833314234921415e-01
-9.742073841895283470e-01
-9.090434628684486151e-01
-9.981031290428349356e-01
-9.771345754094479252e-01
-9.265847055642759678e-01
-7.532376234120184977e-01
-9.668459311252960431e-01
-9.975271187033152298e-01
-9.984594608320626064e-01
-9.689396633961496752e-01
-9.745584447161592667e-01
-7.939741176621558649e-01
-9.990267331152402619e-01
-7.839242209127605943e-01
-9.546060272843317485e-01
-9.989835645901485872e-01
-9.879907520782602592e-01
-9.686462715779566857e-01
-9.509322186661512966e-01
-9.573952394615133921e-01
-9.962698983161178967e-01
-9.859607741822242755e-01
-8.108196802967506667e-01
-9.983211455908876930e-01
-9.628048519073004741e-01
-6.998456062005344869e-01
-9.980328640965328013e-01
-9.918114123776456958e-01
-9.027839731123084022e-01
-9.970558803927119795e-01
-9.980358652601244440e-01
-9.931083255277214361e-01
-9.593551494980138150e-01
-7.915781997330419983e-01
-9.327366484164998361e-01
-9.611312883316833755e-01
-9.887315266341458742e-01
-9.981166714200467860e-01
-9.752540697376574919e-01
-9.985726828460579352e-01
-9.919833756248409573e-01
-9.936727150721076374e-01
-8.792271531409265872e-01
-9.274052764202664889e-01
-9.693344212504640955e-01
-9.956512442767011528e-01
-9.978768984051066271e-01
-9.802927317290072162e-01
-9.255639992910715819e-01
-9.964638674864397805e-01
-9.616227825385105232e-01
-9.995027011805979189e-01
-9.884311422721521190e-01
-9.178662428624776437e-01
-9.817492132380087888e-01
-9.373010849854287452e-01
-9.746624271182353638e-01
-9.484161019619857802e-01
-9.391227659052747700e-01
-8.624685465977980359e-01
-8.470835264413146826e-01
-9.590676193483963496e-01
-4.870709141089523131e-01
-9.018085216320014252e-01
-9.440718719897720490e-01
-9.526966064918783728e-01
-9.984021107331967348e-01
-9.492311878406718417e-01
-9.936297127359204895e-01
-8.755724598531835490e-01
-9.695372781240748639e-01
-7.951583252018611381e-01
-9.215994700217285951e-01
-9.536871931749278941e-01
-8.797676909539942081e-01
-9.860763150937810195e-01
-8.600210042081325446e-01
-6.452089451252747132e-01
-9.745503968328200761e-01
-9.620588253860525851e-01
-6.576423437257448157e-01
-9.338510409100126974e-01
-8.490635252375335895e-01
-9.860351358408099287e-01
-9.715377507576137273e-01
-9.071658439416168118e-01
-9.855306314818889080e-01
-9.915352170574743829e-01
-9.973808126062922996e-01
-9.793766276110708047e-01
-8.834433254377961342e-01
-8.991341204154610356e-01
-9.101390986104010983e-01
-9.841590813031203533e-01
-9.382565034132898107e-01
-9.776824957026809537e-01
-8.703862435334225323e-01
-9.974681493078672023e-01
-9.975661062350104080e-01
-9.971934530389604534e-01
-8.720526327657164289e-01
-9.141091928385829402e-01
-9.659704183726749438e-01
-9.195234822362664540e-01
-9.987280709547630142e-01
-9.843036170714362099e-01
-8.877770484962235198e-01
-9.994517671591044428e-01
-6.854481294800932600e-01
-9.871425240349595009e-01
-9.111176289677220819e-01
-9.822204772137204110e-01
-9.991260102320944636e-01
-9.861606825872913928e-01
-8.847368394625648724e-01
-9.232737361205690663e-01
-9.995882218039799927e-01
-9.815506946107581676e-01
-9.931028886231225705e-01
-9.156985216186200871e-01
-9.257311643356863629e-01
-8.884105441599237096e-01
-9.998222473557584200e-01
-9.966875965811592408e-01
-9.105270010190559260e-01
-8.492353983298254194e-01
-9.961551681342941666e-01
-8.886984175152803367e-01
-9.081319042394815355e-01
-7.727227444058605288e-01
-8.072621529507673088e-01
-9.675263653053708390e-01
-9.356786783768166194e-01
-9.884625668941626753e-01
-9.984600642329931608e-01
-9.331477066362416917e-01
-9.637375245998309747e-01
-9.023374492409117487e-01
-9.970366226859933567e-01
-9.031709746504210656e-01
-9.767014102411695209e-01
-9.916556646057494984e-01
-9.568012923674428238e-01
-8.687426195728761291e-01
-9.146419076647533952e-01
-9.590022831035998063e-01
-9.914702729331762443e-01
-6.087155782868675091e-01
-9.955871270563226849e-01
-9.148598748362257727e-01
-9.648249181539628738e-01
-9.791324599684370078e-01
-9.908141595217624387e-01
-9.909834537454261794e-01
-9.364438424635446179e-01
-8.859688927746121045e-01
-9.777244278121045573e-01
-9.698035403937469434e-01
-9.427291638647188332e-01
-9.331238994125286013e-01
-9.811666605984815659e-01
-9.859184798538062067e-01
-8.203881886993669159e-01
-9.393906492487649196e-01
-9.962210529440085338e-01
-9.467142935694362604e-01
-9.788808401979206542e-01
-9.541517426129884072e-01
-8.115243935559102173e-01
-9.967965805023092374e-01
-9.686051657649705771e-01
-9.420574844435325446e-01
-8.173650085530878018e-01
-9.994094776112784073e-01
-8.729057434979536900e-01
-9.995124152988688060e-01
-9.994956313009182303e-01
-9.962968606096420654e-01
-9.689576054069263256e-01
-9.856550139426081270e-01
-9.914249560584554866e-01
-8.732063599415887944e-01
-9.982381251871392802e-01
-9.316006229893459833e-01
-9.884898080876864945e-01
-9.055050835320997971e-01
-9.936535848340507515e-01
-9.492064875762216136e-01
-9.907686949108232000e-01
-8.790350153492255680e-01
-9.260563346718468924e-01
-9.993871423731767178e-01
-9.077787935397346741e-01
-9.210550315188766879e-01
-9.785556203182593782e-01
-8.205107009825687303e-01
-9.919479516059800384e-01
-9.128244081354265349e-01
-9.421217091726481474e-01
-9.598778281244481070e-01
-9.378044627638221220e-01
-9.841981854114129069e-01
-9.684254125479445641e-01
-9.779184800959466184e-01
-9.986612312635206878e-01
-9.572174278776705014e-01
-9.992183371314912188e-01
-9.896896069103202631e-01
-9.551077897159054864e-01
-8.499944960639350677e-01
-7.247867329897101918e-01
-7.542874759441634547e-01
-9.920160390836761932e-01
-9.971351831960773016e-01
-9.171667607192787175e-01
-9.932865641570867155e-01
-8.773376843542316506e-01
-9.964697467005921849e-01
-9.983289763515827975e-01
-9.815402395086318954e-01
-9.667199956229598490e-01
-9.656566137962205865e-01
-9.872639332597864525e-01
-9.995188334834076427e-01
-9.175087159911802237e-01
-9.072464926680854358e-01
-7.300176490285301689e-01
-9.853080723239119321e-01
-9.667446901044253194e-01
-9.981931960886417654e-01
-9.320665851216368702e-01
-9.907736125627744084e-01
-9.685559338481795066e-01
-9.310983734625565278e-01
-9.185439444948637622e-01
-9.489034283328321440e-01
-9.992382562519991351e-01
-9.994878643466956758e-01
-9.371326909621739976e-01
-9.889153848905775090e-01
-9.565343844240302706e-01
-7.764405582790592231e-01
-9.286853889110567861e-01
-8.203281314443513494e-01
-9.949258219030040484e-01
-7.995509859281131337e-01
-9.380926759222666389e-01
-9.853099191393133172e-01
-9.810196007885620961e-01
-9.992865265687161935e-01
-9.206024906068823732e-01
-9.535769375799856284e-01
-9.949575126335521436e-01
-9.801071095719978699e-01
-9.765510484858135332e-01
-9.963649592248308151e-01
-9.987718679011999834e-01
-9.268384257070467758e-01
-9.538233227107254519e-01
-9.502358203568131989e-01
-9.903488954914183573e-01
-9.519997035380139971e-01
-8.408401602765946947e-01
-9.605355719932259229e-01
-9.302203541021697442e-01
-9.131594769211917040e-01
-9.960817379359344637e-01
-8.509412889071726882e-01
-9.930790994238585245e-01
-8.563996735579915143e-01
-9.326829110000142142e-01
-9.573518237816074361e-01
-9.860088839402864069e-01
-7.053156848735215867e-01
-9.565657297927180336e-01
-7.858021832441703936e-01
-9.543731275858736707e-01
-9.966969732655936998e-01
-9.837199092713835302e-01
-9.553632252467285646e-01
-9.580247667105739051e-01
-9.911333406677640401e-01
-9.905410982052396118e-01
-9.682898170239767621e-01
-8.055945836931047710e-01
-9.243440602160821751e-01
-9.682327587024516236e-01
-9.989642985846470813e-01
-9.924549759603447097e-01
-9.953143037170063545e-01
-9.686658809566890405e-01
-9.419748587688169250e-01
-9.587006990062830747e-01
-9.854134114945199974e-01
-9.949050040183414767e-01
-9.349235634482189194e-01
-9.537683361075373067e-01
-9.816162395346312852e-01
-8.295648598444904653e-01
-9.057513210832132122e-01
-9.296931253230218406e-01
-9.976099282764830933e-01
-9.869839690163356716e-01
-9.947512270727675299e-01
-9.960451529735165899e-01
-9.338190476195632472e-01
-9.985306484108008584e-01
-9.450647128550432319e-01
-9.963202016997768640e-01
-8.765393449586988961e-01
-9.947183167288347061e-01
-9.017612704396651413e-01
-8.299627199447520143e-01
-9.797920807803767174e-01
-8.067912222793947041e-01
-9.986266922808731961e-01
-9.649732383793200308e-01
-9.505577303093076802e-01
-9.512111528063247334e-01
-8.638831063229733820e-01
-9.717668325893151771e-01
-9.710329192820130739e-01
-9.904625291614963523e-01
-9.344455238187348023e-01
-8.793684802020720337e-01
-9.912536778973835006e-01
-9.801683759764008297e-01
-9.889494611050700934e-01
-9.867182002583936296e-01
-9.385584767091741387e-01
-9.924863200545623876e-01
-9.737264131152019164e-01
-9.677786031145986234e-01
-8.840032996848398161e-01
-8.993298536702962753e-01
-9.887036947384676422e-01
-9.761863659874207011e-01
-9.338935511412408408e-01
-8.582183878560067924e-01
-9.912339903583657907e-01
-9.992703790340252690e-01
-9.235434987629934644e-01
-9.600870510077682551e-01
-9.971892658316945379e-01
-9.829284959194057869e-01
-9.980803846203831764e-01
-9.878219198488913388e-01
-9.884351213930031577e-01
-9.994313761226641946e-01
-9.841634968798881333e-01
-9.873892777018751232e-01
-9.987039947902531800e-01
-9.929683452824940026e-01
-9.372833102046421727e-01
-9.771575399364258452e-01
-9.912048336346188648e-01
-9.827789157492166083e-01
-9.987950809158788745e-01
-8.609698402516674509e-01
-9.486658756972679019e-01
-7.090977594924966487e-01
-9.944668261730624792e-01
-9.359066418755028760e-01
-9.942031903698261841e-01
-9.885166564480695195e-01
-7.058014747707331837e-01
-6.464954063953093355e-01
-9.803131993217406581e-01
-9.400782323345573399e-01
-9.989534949751480708e-01
-9.518323542151568839e-01
-9.827798947939034857e-01
-9.321674122834584519e-01
-9.983454290984102864e-01
-9.974160175584860788e-01
-6.938352170953385745e-01
-9.725970686031550905e-01
-8.951155788049366402e-01
-8.916169947564733800e-01
-8.702565192880896694e-01
-9.233456954204241063e-01
-8.241010952761508301e-01
