-9.978088682878474280e-01
-9.882070897668794318e-01
-9.218679277021865071e-01
-9.823194248505758841e-01
-9.258426148332136174e-01
-8.282460550778458774e-01
-9.973533543639101495e-01
-9.946014671237918270e-01
-9.987368752025505003e-01
-9.774865485277932642e-01
-9.673443466935988111e-01
-9.973499500426453723e-01
-9.837525656863069790e-01
-8.953601344927217820e-01
-6.265001261855940307e-01
-9.390251710055806944e-01
-9.397927693537054816e-01
-9.475057785428082635e-01
-9.445620114018780100e-01
-9.091788440865189447e-01
-8.833734106126190921e-01
-9.928021348816784553e-01
-9.994284449513460844e-01
-8.678816086737106694e-01
-7.898384103714166660e-01
-9.545563578131142091e-01
-5.156682587335510437e-01
-8.600329062923546264e-01
-9.192900687859540954e-01
-8.888348216986142747e-01
-9.006165441222007129e-01
-9.804173282323523919e-01
-8.583025268747407344e-01
-9.164578538546785946e-01
-6.234734457656937456e-01
-9.779298484695363447e-01
-9.785454379901767918e-01
-8.883645780309352702e-01
-9.913529890377354992e-01
-8.600462393275100093e-01
-9.891209411202620538e-01
-9.744526254141887556e-01
-9.887151285227151476e-01
-9.957655510285221556e-01
-9.984269442315879539e-01
-6.565626132990209918e-02
-8.649439534085919812e-01
-6.110158205392073327e-01
-9.971440212194844221e-01
-9.116542125976524469e-01
-9.446705534999257914e-01
-7.200596765302246238e-01
-6.857538421962989794e-01
-7.902622973917251548e-01
-9.989464084989703174e-01
-7.839520100733290420e-01
-9.688084278667329352e-01
-5.417936305209494208e-01
-9.824455176897929354e-01
-9.995319850460335775e-01
-6.530745408284044373e-01
-9.945842506770269376e-01
-9.882799796562266037e-01
-9.987461682624163561e-01
-9.217420791543946557e-01
-9.866974183658084874e-01
-8.087313935353717120e-01
-8.763841746694551738e-01
-6.482003461444351133e-01
-9.708850013344775265e-01
-9.918098780706023909e-01
-7.591548088853047327e-01
-9.912169133281582001e-01
-9.115422525342774529e-01
-7.682748877926220965e-01
-9.758188686833392245e-01
-9.702681616564181599e-01
-9.526944138732738043e-01
-9.951823532528168981e-01
-8.458328639128884774e-01
-7.848845666662767062e-01
-9.971985559890996775e-01
-9.898267714878306034e-01
-9.710609347382483936e-01
-9.893353145095578061e-01
-9.746826154382790541e-01
-7.394393876199272242e-01
-8.481429963229720759e-01
-8.232689823026245746e-01
-9.872639221631052120e-01
-9.159079471085453950e-01
-9.383520545702275228e-01
-9.992501674409788315e-01
-8.143559030748306338e-01
-9.979297183776585367e-01
-9.567618755071366499e-01
-5.992251568784697779e-01
-8.054546653943532863e-01
-8.530150563923736273e-01
-9.950736473495056522e-01
-9.342807075365778813e-01
-9.629064995046319186e-01
-7.754023413399381282e-01
-9.935481458331293370e-01
-9.879134998465681772e-01
-9.994628930333054884e-01
-9.311783090519925032e-01
-8.594392704286735185e-01
-9.895010933764986083e-01
-9.596500968922792030e-01
-9.948911231849060233e-01
-9.114483268295324736e-01
-9.962330589914789591e-01
-9.836322118713334284e-01
-8.206768605655108129e-01
-9.479254767557783179e-01
-9.622217641584236425e-01
-9.338955757385790646e-01
-7.985861689386259954e-01
-9.937364280357325885e-01
-9.887531189814441346e-01
-9.560108036644664464e-01
-9.933882469196874121e-01
-8.905692020443205514e-01
-9.251159820299150738e-01
-9.907091377718504344e-01
-8.223990011874314776e-01
-9.995475063027250417e-01
-9.891850401305251062e-01
-9.903037135456523865e-01
-9.170736867638409340e-01
-8.566619278585416719e-01
-9.945463932243486793e-01
-9.748429930528115239e-01
-8.760427394048699856e-01
-8.848931997652957904e-01
-7.360827005042680504e-01
-9.485613965303959505e-01
-7.072652933956455890e-01
-9.960611941370288713e-01
-9.530554546593434928e-01
-9.394403394389069240e-01
-9.276773814545227204e-01
-9.864332147872943990e-01
-9.880040588113441213e-01
-8.416644171475844427e-01
-9.225173034175369047e-01
-9.771452480863604961e-01
-9.970868054426422766e-01
-9.798149537763252148e-01
-9.673119279597215403e-01
-9.984376357256051771e-01
-9.934371457158105434e-01
-9.937071888699201549e-01
-9.339091148654629082e-01
-5.795884405647799831e-01
-9.539228330479269102e-01
-9.507555038002866166e-01
-9.996400940219208886e-01
-9.975324150534248258e-01
-7.658754379127921119e-01
-8.494266844533248095e-01
-9.995741764289626241e-01
-9.204950958239326297e-01
-9.975942640443491438e-01
-9.964367927705789496e-01
-9.893878689644584057e-01
-9.381584921095922347e-01
-7.568123315625511216e-01
-8.280548936676884741e-01
-9.991839676261357051e-01
-9.653340984011449244e-01
-9.781335419960648370e-01
-9.835094177448523434e-01
-9.744077685285786883e-01
-9.958572233069620250e-01
-9.776479841316161323e-01
-8.714871008494681215e-01
-9.740194258311247744e-01
-9.724862980138295754e-01
-5.342475159144103314e-01
-9.987699787318993216e-01
-9.870660992130003697e-01
-7.717028911461835117e-01
-8.560862778235766024e-01
-9.855386549785766226e-01
-8.597458629531349317e-01
-9.841266330253379824e-01
-7.779925157776513833e-01
-9.767232695490338790e-01
-9.951650400652534145e-01
-7.899298761865097829e-01
-8.843976311083798780e-01
-9.927970138496419183e-01
-9.091238195293038782e-01
-9.741455450055923615e-01
-9.146292459631765182e-01
-9.769508795627087627e-01
-9.936620910746036817e-01
-9.212744604384882630e-01
-6.665953560477775319e-01
-8.219524036451111293e-01
-9.906811493141743918e-01
-9.041631724302749973e-01
-6.346906304627842887e-01
-9.599697661727677467e-01
-8.815114515078598112e-01
-7.593182723105984522e-01
-9.849671502114586419e-01
-9.829542166079086041e-01
-6.544662489181031217e-01
-9.054007429857366951e-01
-7.318454939329763764e-01
-9.299101791261162875e-01
-9.619054359873047133e-01
-9.123875968639310052e-01
-9.292363314031245602e-01
-8.387989163429004913e-01
-8.315671235615332835e-01
-6.860529917152766721e-01
-9.638248771607711429e-01
-9.965619600799450195e-01
-8.703599275646939359e-01
-8.664264857732160152e-01
-9.902989678837578191e-01
-9.769866750124752697e-01
-9.737255407207424662e-01
-9.919351753085442480e-01
-9.961646510833712664e-01
-9.107810523832091665e-01
-9.975440222712060878e-01
-4.295333429216219301e-01
-8.749814964371717130e-01
-8.583860323659284752e-01
-9.945514818494151088e-01
-9.691571019410566423e-01
-9.933569734863756384e-01
-9.995727665883250568e-01
-9.940938118090776321e-01
-9.897508284586923333e-01
-9.963778121053202819e-01
-9.802602489270257902e-01
-9.554229031629704050e-01
-9.993003712062915600e-01
-9.985046500058081254e-01
-9.959404297060890920e-01
-9.819175215210321772e-01
-9.994164802206978448e-01
-9.038727248802131964e-01
-9.588133979486791469e-01
-9.172689247330418905e-01
-9.669796735999495185e-01
-9.984198085944567813e-01
-9.727328809478301697e-01
-9.632615513856143119e-01
-8.477162577105269436e-01
-9.331121157136924582e-01
-9.996859615090389894e-01
-7.074711822975263686e-01
-9.654307685322436328e-01
-9.759266446631492675e-01
-8.529662187500325343e-01
-7.633360486966304093e-01
-9.839396615346464037e-01
-9.888759602237328084e-01
-9.996190074643098722e-01
-9.975020101917919657e-01
-9.148209250982617391e-01
-9.896058484332366234e-01
-9.624688927343998390e-01
-9.915378893610172772e-01
-8.620498852325922945e-01
-8.902675684278744672e-01
-9.451363095114796442e-01
-7.137468340998748273e-01
-9.220159681200335022e-01
-9.217936447123432631e-01
-9.728076380147087088e-01
-9.882163055735293522e-01
-7.404523354137575453e-01
-9.981974170077160258e-01
-2.470190486494622251e-01
-9.696256883119526160e-01
-9.861721977967712327e-01
-9.998998717968586858e-01
-7.513892020487933365e-01
-7.675328737677467039e-01
-9.329222732028078502e-01
-9.845244246121162002e-01
-7.912461363484257770e-01
-8.130738494517777415e-01
-9.999091639474542159e-01
-9.716530881156008048e-01
-7.529802197436407107e-01
-9.587905240870289170e-01
-3.062527708575316643e-01
-9.946576385183014679e-01
-9.852086097450621915e-01
-4.798361032347043809e-01
-9.279715939550955417e-01
-9.876596826407076923e-01
-9.874794895434548803e-01
-9.913313713616498379e-01
-9.745134938118897860e-01
-9.993125437404294376e-01
-9.676796650864840643e-01
-9.878983978257919185e-01
-9.760298951070933704e-01
-9.522339625320250800e-01
-8.060599287079617259e-01
-8.668918789279953518e-01
-9.910842174245940717e-01
-9.667856257156139943e-01
-9.995926509349383204e-01
-9.835367695466252780e-01
-8.798121541539580814e-01
-9.922348002043912540e-01
-9.928652606542541781e-01
-9.683525377844151016e-01
-9.954501730177984786e-01
-8.736400535248843857e-01
-7.799694606365200622e-01
-6.656846965147174000e-01
-9.938188122911737477e-01
-9.900211358607310386e-01
-9.942207581310750220e-01
-9.587261025831226302e-01
-9.518345869366964251e-01
-4.487134481132229458e-01
-8.269635002459942985e-01
-9.990788378243613543e-01
-9.991113013865569048e-01
-5.464347980530457338e-01
-9.872915867089019359e-01
-9.697762156936606814e-01
-9.420984828746417072e-01
-7.891860609996824705e-01
-8.724849806125327678e-01
-9.150177740078476729e-01
-9.677156152036858749e-01
-9.700205531476734366e-01
-9.909539388189072540e-01
-9.687303268161420178e-01
-9.983788461122260482e-01
-7.891300602764267369e-01
-8.621589621881168286e-01
-8.496938095076409514e-01
-9.651364143865100997e-01
-9.459679112353337471e-01
-9.868206850123143470e-01
-9.945018834940744235e-01
-5.173751911385648938e-01
-9.372142006942558723e-01
-9.985510836698193726e-01
-9.733661185918549563e-01
-9.535804116681551035e-01
-9.193920443928657038e-01
-9.956421872910331539e-01
-9.969260618240459726e-01
-9.214952956867931144e-01
-7.076562650049021963e-01
-9.606031704177179220e-01
-8.647615655087262931e-01
-9.887122988708670901e-01
-9.283051115993670166e-01
-8.858552199081851652e-01
-9.979893296938461278e-01
-9.895480771725962965e-01
-7.138335986382187137e-01
-8.788042803338729225e-01
-9.982381255808170373e-01
-9.698668090362786431e-01
-4.810705353753728097e-01
-9.589952698670141107e-01
-9.012670236219207931e-01
-9.623782603852411022e-01
-9.883196966306688758e-01
-9.920189472043663415e-01
-9.979808656923816468e-01
-9.909904775042698288e-01
-9.320065064224724027e-01
-9.904304558326946228e-01
-9.980996545697661260e-01
-9.858393984794417975e-01
-9.488863037180661486e-01
-9.884185725702352432e-01
-9.686600514267971196e-01
-9.628990192712628682e-01
-9.922807968167456361e-01
-9.545097689203919655e-01
-8.929687442713136747e-01
-9.052085583601333640e-01
-9.965569162469222197e-01
-9.909302182408444848e-01
-9.231578269791288482e-01
-9.362864630086057405e-01
-8.624512121255082375e-01
-9.767769764116575049e-01
-9.557998215832498312e-01
-9.623534938461456578e-01
-9.427650060410123212e-01
-8.111872094525013344e-01
-8.432510695018252678e-01
-9.913927360784060561e-01
-9.907744284635527920e-01
-9.256152303569213924e-01
-9.833405335577326545e-01
-9.726638008051267104e-01
-9.963082255515552932e-01
-7.942381363352222223e-01
-8.957648679932911362e-01
-9.908972295199415248e-01
-9.800984650400674791e-01
-9.839299202456887050e-01
-9.266833580214791644e-01
-9.920857037713411986e-01
-9.482647098600909263e-01
-9.419982830749557001e-01
-9.991256782892760091e-01
-9.633922090377915470e-01
-9.661096005511206064e-01
-9.816919846569859276e-01
-9.945502907460647135e-01
-9.236384112216705633e-01
-6.301213936838966356e-01
-9.340918166641407616e-01
-9.862503148375074691e-01
-7.843338943486217740e-01
-9.804071581668611923e-01
-9.653784184137386148e-01
-8.553012125523107301e-01
-9.465908522920899459e-01
-9.871091720497897626e-01
-9.676300127248074201e-01
-9.644599642039956011e-01
-9.560409961782136978e-01
-9.915548939540141937e-01
-9.903326397644505175e-01
-9.969383147929228306e-01
-9.972640135204569045e-01
-9.982673667424479813e-01
-9.172398524301527134e-01
-9.919473644431434645e-01
-9.802841815219773824e-01
-9.981250367895595499e-01
-9.928099090323020404e-01
-9.620187686389151116e-01
-9.318051949808389134e-01
-9.954689992140882682e-01
-7.212348576449986171e-01
-9.967544238227318276e-01
-9.436420382048248401e-01
-9.956668265127783801e-01
-9.906524938568446181e-01
-8.830680739755727426e-01
-9.894474858846564747e-01
-9.864611505963356564e-01
-9.971848945377151940e-01
-9.635584442675797501e-01
-8.808022403746966766e-01
-9.910958500315125708e-01
-8.175244832444763521e-01
-9.282590835045502198e-01
-9.160037252277618558e-01
-9.779815912736127270e-01
-8.659136538106283476e-01
-9.933431870281268505e-01
-9.758921750949670626e-01
-9.565955521066394907e-01
-5.217886181781973276e-01
-9.829399756470251770e-01
-7.675593916495855318e-01
-8.450921857523618907e-01
-9.956296563517885723e-01
-9.916667930381962703e-01
-6.847670815329863769e-01
-9.345654269083838450e-01
-6.019831282803141947e-01
-9.841648555343476268e-01
-9.829629468761750255e-01
-9.740093498579888154e-01
-9.978027720945519263e-01
-8.520770764542578979e-01
-9.161623147445536741e-01
-9.778399172047805843e-01
-9.934086978400332724e-01
-9.804314396343595250e-01
-7.806634483114570644e-01
-9.913571620328255340e-01
-9.330949493173754661e-01
-9.640413446975867329e-01
-9.904430973472234667e-01
-6.812213707900324211e-01
-9.818035551923820492e-01
-9.187245262649632593e-01
-8.844333159230950425e-01
-7.385657052340759421e-01
-7.184680229594179179e-01
-9.830798200874146797e-01
-8.496418263031095819e-01
-9.563418323206405169e-01
-9.813316198814352465e-01
-8.422463944027194227e-01
-8.770261472947025183e-01
-9.695943301055770513e-01
-9.830032176484987394e-01
-5.998510234379395012e-01
-9.863536150390628254e-01
-9.649824649767725360e-01
-6.274537542861766681e-01
-9.621512778601565286e-01
-9.898191236495712531e-01
-9.035807469889127752e-01
-9.584679793591408536e-01
-8.788339956699202649e-01
-9.573346955867675367e-01
-3.750642709900731675e-01
-8.647450550461880381e-01
-9.489378630703485529e-01
-9.403188026565949542e-01
-8.678877898663083235e-01
-8.981718367266701142e-01
-6.538472658059448772e-01
-9.648043490121573917e-01
-9.614820258272734899e-01
-8.445314619418755608e-01
-9.267939399001450251e-01
-9.188885240102560026e-01
-9.629312921410074777e-01
-8.940656605602421703e-01
-9.101496610909212137e-01
-9.762275596356549956e-01
-9.521531938121292615e-01
-9.887054076180125106e-01
-9.831390555165870904e-01
-9.980807422161264153e-01
-8.271086807883742953e-01
-7.054660678975570587e-01
-8.887462078816780187e-01
-9.947281036818107491e-01
-9.946411950035248806e-01
-9.823415122891303586e-01
-9.444573805749725270e-01
-9.741635810754794012e-01
-9.999585351724484816e-01
-9.948451114673060314e-01
-9.875122139099317131e-01
-9.754231725088020610e-01
-8.844617768134981350e-01
-8.856906172799164922e-01
-9.812841859789585008e-01
-9.715598840142261050e-01
-9.967853611570501871e-01
-9.950888500515392421e-01
-9.290339593150591657e-01
-8.120767651127328568e-01
-9.581140607830648248e-01
-9.987192966308220399e-01
-9.960737460773881891e-01
-9.869907950392773355e-01
-6.111416525350794604e-01
-9.727052152310976529e-01
-9.984346052596543286e-01
-9.818329501392061287e-01
-9.757280091685105461e-01
-9.864337815195302062e-01
-9.235137971547426883e-01
-9.715301831499996155e-01
-9.978686110159059597e-01
-8.343003100696252394e-01
-7.657250214815077838e-01
-9.567140605365993533e-01
-8.514627659658223768e-01
-8.496941787798354406e-01
-9.325902674871859865e-01
-9.685774904311167388e-01
-8.999290865644048454e-01
-9.579452489251729652e-01
-9.492092405063415894e-01
-9.909258074643428893e-01
-9.396103955754321335e-01
-9.934788773854037469e-01
-8.100315719441882889e-01
-8.085302583659038644e-01
-9.469297626880341934e-01
-7.910800791166484602e-01
-9.385614990049848672e-01
-9.154669092295193433e-01
-6.951645304482475529e-01
-9.955779323389019053e-01
-9.966970390103118138e-01
-9.608092814941927573e-01
-9.911515786902604930e-01
-9.916496304593083178e-01
-9.817366439451646887e-01
-9.942500712555688569e-01
-7.963994697795391264e-01
-9.962692722199800732e-01
-9.997726479875607142e-01
-8.285472668437664501e-01
-9.975381427672340706e-01
-9.890814259881481885e-01
-9.730191440409121650e-01
-8.737913251397456671e-01
-9.483268308172084771e-01
-8.362304797237822829e-01
-9.528241133845591904e-01
-9.544720315590593529e-01
-9.078834131758711790e-01
-8.992092919298011466e-01
-9.782518710833540965e-01
-7.567401587914492911e-01
-8.162256496885239576e-01
-9.341510594821026414e-01
-9.926475165007029311e-01
-5.916680829415059684e-01
-9.025412118670825823e-01
-9.230822819665750467e-01
-5.383623073752357158e-01
-9.644915042055418608e-01
-9.863985935903810676e-01
-9.575016235507692874e-01
-9.996837641329268109e-01
-9.785880985595186710e-01
-9.523372753882316522e-01
-7.891730257066450482e-01
-9.282842768374862663e-01
-9.970985873469413452e-01
-8.308758725923334199e-01
-8.643441691114228664e-01
-8.390094529392879696e-01
-9.964211213828504388e-01
-8.588467191021929015e-01
-9.144052402833299231e-01
-5.377412920237806260e-01
-9.831352760909043420e-01
-8.497124939467960436e-01
-9.761336602662834538e-01
-9.674454314386033982e-01
-9.987196339413388912e-01
-9.697027082165522449e-01
-9.873455596057539863e-01
-6.790311464381978412e-01
-9.854541730242276643e-01
-9.993898910199434660e-01
-9.982929417189052579e-01
-9.021954770078384200e-01
-9.988806834676189350e-01
-9.279926852643669566e-01
-9.986007539236821939e-01
-7.991524941475739441e-01
-9.821993856994171157e-01
-9.758644108462213307e-01
-6.739660372899929364e-01
-8.005458461310500651e-01
-9.005111624827966121e-01
-9.240026250506490069e-01
-6.230850344063397772e-01
-9.632101834757350600e-01
-9.319387513279218105e-01
-9.520020820471336576e-01
-9.589749426188584058e-01
-9.610744733405793827e-01
-8.923634466445972135e-01
-8.541486735219699922e-01
-9.916685948127558214e-01
-9.485928191941858101e-01
-9.579617243109320723e-01
-9.862603637828359915e-01
-8.383303859241391098e-01
-8.850829758885581100e-01
-9.410284783464184510e-01
-9.985722043775100421e-01
-9.687886388589355136e-01
-9.127388892816256094e-01
-8.897430301515094619e-01
-9.949382846027408078e-01
-3.927572322111469449e-01
-9.488963945830172220e-01
-9.225855823221977836e-01
-4.888984397022514972e-01
-9.805143120790986710e-01
-8.198372114977946490e-01
-9.564366689983525571e-01
-8.452113434448942364e-01
-9.867635816815338856e-01
-7.192449326734535742e-01
-9.148767259529224649e-01
-9.464593415492775774e-01
-9.986552455608960210e-01
-9.864293462751472230e-01
-9.809779536183775850e-01
-7.729637595649707649e-01
-9.251150160912956499e-01
-8.506504396026056680e-01
-9.521691326917552933e-01
-9.650909661747339996e-01
-9.952301492199447930e-01
-8.449730093609162385e-01
-9.760224366015612940e-01
-7.398964808483399214e-01
-6.881368190790024819e-01
-9.193883338093077340e-01
-9.681397922699351843e-01
-8.516103177828052706e-01
-8.746589873685683969e-01
-9.751839255337968471e-01
-9.197327804865849110e-01
-9.549952685080284054e-01
-9.644166133180208655e-01
-9.949601773586290721e-01
-9.972913820079097880e-01
-8.572140667646751533e-01
-9.604332700323828798e-01
-8.079542755648332353e-01
-8.330803163167566083e-01
-7.381179173477663280e-01
-7.934834587794380445e-01
-9.644423222108039484e-01
-9.885702799968715260e-01
-9.937217895538537071e-01
-9.986639553027725213e-01
-9.334690004102067507e-01
-7.769102855270907382e-01
-9.991526890141017025e-01
-9.701336446241887179e-01
-9.603622010316353874e-01
-7.064174256585896705e-01
-8.770135564582894894e-01
-8.597413265585559516e-01
-9.904979590306475234e-01
-9.844771827318649082e-01
-9.630251694054812184e-01
-9.030517731196757714e-01
-8.936432826527757056e-01
-8.457581828095215304e-01
-8.148404221562577376e-01
-9.367354206414445494e-01
-9.935209023768560854e-01
-6.497856892084161728e-01
-9.513754352637447953e-01
-6.955493233664430397e-01
-9.991131879685778427e-01
-9.718861287925819603e-01
-6.460453559336607476e-01
-9.992230310139500471e-01
-8.140747130671287524e-01
-9.733653353441720224e-01
-9.946711649690840318e-01
-9.802546892820068747e-01
-9.978672798771202057e-01
-9.749513697035910864e-01
-6.630204037000887451e-01
-9.863335524668469523e-01
-8.740954171091307456e-01
-9.916001858108006717e-01
-9.983111601647107758e-01
-9.275529774190865995e-01
-9.758321162104175439e-01
-9.830763760852408994e-01
-9.989873781759935900e-01
-9.652897008775220833e-01
-9.717957046069801708e-01
-9.321132995953789191e-01
-9.082691508774926037e-01
-9.450563335495003603e-01
-9.862220503328406052e-01
-5.829992078139731859e-01
-9.956277930966963563e-01
-9.556230789925037605e-01
-9.734642897660400473e-01
-9.770041244140952319e-01
-6.306815992021994610e-01
-9.867246071808143393e-01
-8.902846860915611948e-01
-9.628526202793444844e-01
-9.966047483966216092e-01
-8.898765620932802545e-01
-9.821656610187168290e-01
-6.446584777038176783e-01
-5.029584325681172308e-01
-9.812724859058065130e-01
-9.539179980801548719e-01
-9.874184420095498682e-01
-9.936199658206938956e-01
-8.601539596320287862e-01
-9.955138743104280374e-01
-9.482032881444110162e-01
-9.984188363498104346e-01
-9.274597593175770704e-01
-9.565171069318604280e-01
-9.788186072627941270e-01
-9.933194112402791154e-01
-9.843069840899240086e-01
-8.520409971114142333e-01
-9.281006480742287623e-01
-9.315140445887654108e-01
-8.995561771135300866e-01
-9.071585209413762785e-01
-9.839791344372803561e-01
-9.819433213045500874e-01
-9.861493604016897674e-01
-7.101115763741274733e-01
-8.159150070618149675e-01
-8.599514810437305368e-01
-9.624367679920154961e-01
-9.404673948836321795e-01
-9.473020111115256769e-01
-9.635155243219158949e-01
-7.001956077320317107e-01
-7.446766651080088950e-01
-8.139863277423031729e-01
-9.930274494122162121e-01
-9.407987569184309562e-01
-8.625419785199549549e-01
-9.758627358470426394e-01
-9.870672902157235917e-01
-9.960155691272484235e-01
-8.471013485556189160e-01
-7.544295597112429252e-01
-7.174681953526841349e-01
-7.162134364512193763e-01
-9.715284338856953195e-01
-9.362536935900127588e-01
-8.648130256071568933e-01
-7.054632257457359445e-01
-9.993137678450607631e-01
-9.839645003990336036e-01
-9.899394337962967860e-01
-9.472438165972503210e-01
-9.915559448947471877e-01
-9.889333047559686340e-01
-6.569809685653218434e-01
-9.988916981105013804e-01
-9.993117975191299074e-01
-9.738846680956305679e-01
-9.455099250374501274e-01
-9.782997669027845289e-01
-9.949266687740522253e-01
-9.660149855055321089e-01
-5.971940471373127224e-01
-9.821918291472234719e-01
-7.856402302228518986e-01
-9.226360375072394371e-01
-9.174526523470172279e-01
-9.887909255556026622e-01
-9.862365161432212757e-01
-9.447190884881031536e-01
-1.056008264222615400e-01
-9.989627829413938453e-01
-9.474470751371399935e-01
-9.061380672537143743e-01
-9.711010387421931123e-01
-8.642570867809280521e-01
-9.924228761377628105e-01
-9.452393569558791286e-01
-9.852026909010067612e-01
-9.377110712360208211e-01
-9.820852068571226390e-01
-9.570660610044857686e-01
-9.090410467527533234e-01
-9.528649078298575548e-01
-7.129904441551860872e-01
-9.492116984994933837e-01
-9.902010578299216270e-01
-9.966215635301594045e-01
-9.893084607123417973e-01
-8.689785774449807487e-01
-9.683657756289660856e-01
-9.963861444776185294e-01
-9.598672998608420714e-01
-7.368852238495218199e-01
-9.752935684179973030e-01
-7.827319854087720907e-01
-9.947831260454036428e-01
-9.689663481140786683e-01
-7.897986071446659873e-01
-8.964018545634254709e-01
-9.615910391025140891e-01
-9.318092644565925120e-01
-9.341299354506295005e-01
-8.149951267273343181e-01
-9.988434903651937091e-01
-8.079026625562352182e-01
-9.463604120915064533e-01
-8.926899809955962661e-01
-9.780848299436327720e-01
-9.862574822207411662e-01
-8.581046040960915722e-01
-9.856259369578600493e-01
-8.444365861116671645e-01
-8.684573821513336123e-01
-9.521393768902461918e-01
-9.996791141623397881e-01
-9.453933797945113238e-01
-7.377869178900946512e-01
-8.709459986209875382e-01
-9.681815725223952285e-01
-9.717858085578392480e-01
-8.914690344219845519e-01
-8.028983417121229316e-01
-8.487224659416421346e-01
-9.936280791596140416e-01
-8.446498865775440290e-01
-9.861092614946520563e-01
-9.996390488596237356e-01
-9.959647528085828760e-01
-9.911050561054345343e-01
-9.713794061597759155e-01
-9.221698196840212303e-01
-7.664828559569545341e-01
-9.279283726417868472e-01
-9.912812598818616650e-01
-9.971281916670533541e-01
-9.984424220033705222e-01
-8.905985540422546309e-01
-9.832882464947145795e-01
-9.846708052930256416e-01
-9.474468771920515620e-01
-9.966129778585934851e-01
-9.850998989600547873e-01
-6.334556470028028796e-01
-9.938263442027954753e-01
-9.513792755335807039e-01
-9.342346280642375156e-01
-8.847168531384572709e-01
-9.891121947261405367e-01
-9.257533070316100732e-01
-9.032228830551060073e-01
-9.428437591656660954e-01
-9.916400455098408617e-01
-7.936803893961743572e-01
-9.651727782961199154e-01
-8.843213063775868799e-01
-9.393673786664665792e-01
-9.758335754711843224e-01
-9.496491124233877867e-01
-9.896193595785262032e-01
-9.456270817183253241e-01
-8.311095439664305529e-01
-7.956528432549159202e-01
-9.436003432902997368e-01
-9.287093592917107232e-01
-9.637810410191277599e-01
-9.976567847310751080e-01
-9.809669432343924855e-01
-7.126838649967468520e-01
-8.683029540117968015e-01
-8.427895265892262344e-01
-9.219739236404885796e-01
-9.699085834240628312e-01
-9.932063350757563969e-01
-9.535096951330438442e-01
-9.852199382033454134e-01
-9.823630353903904933e-01
-7.493228294864808792e-01
-7.101815915720137706e-01
-9.895335751564562354e-01
-9.695442947268926304e-01
-9.968017381861867809e-01
-8.814483983745450280e-01
-9.911088065065165598e-01
-1.296252110342116515e-02
-4.285637728693973414e-01
-9.920770253891398882e-01
-9.931056900601120674e-01
-7.919388843156212054e-01
-8.972174901644824896e-01
-9.289880673582934234e-01
-8.910957761589383130e-01
-9.960876612909445038e-01
-9.905169562831969143e-01
-9.981442753835868542e-01
-9.172694101503297004e-01
-5.635227241767724049e-01
-9.338048526947447803e-01
-9.976637370637604363e-01
-8.679938483949866113e-01
-8.994313947281796784e-01
-9.095293082432290843e-01
-9.089625876778978375e-01
-9.984329811304747393e-01
-9.200142319553074044e-01
-9.944773641953801313e-01
-9.984070006971430544e-01
-9.058366548970975263e-01
-9.595063219644464070e-01
-9.902915063733058743e-01
-8.952391746110737181e-01
-7.540321500673502486e-01
-9.960591187973315552e-01
-9.248621607674085698e-01
-9.671777313667295761e-01
-9.430543436680816072e-01
-8.421769326960567570e-01
-9.998243590606449294e-01
-9.984089510464025929e-01
-9.757630484172611363e-01
-9.748458382864887417e-01
-9.929270139214515511e-01
-7.444316555660522861e-01
-9.047170986024170025e-01
-9.878246149655129926e-01
-8.913459546218146512e-01
-9.474851993617503521e-01
-9.363559597367149268e-01
-9.983623727423683869e-01
-9.668442334125245674e-01
-9.979067911381837019e-01
-7.808582997174868812e-01
-6.418159552628596165e-01
-9.984299810761543270e-01
-9.691271559902905341e-01
-9.940965793988744137e-01
-6.199490372918404768e-01
-9.560407887008030015e-01
-9.582792497432408574e-01
-8.297965421888527926e-01
-9.251259708174311980e-01
-9.557179698872240170e-01
-9.806681922729638679e-01
-9.822888806979392928e-01
-8.871163018033818570e-01
-9.912891345265153475e-01
-9.988891914524904436e-01
-9.840704884182401857e-01
-8.109333768385125207e-01
-9.964258581060053688e-01
-9.667604473068224236e-01
-9.864059972547211119e-01
-9.494934902172265101e-01
-9.805231912966517749e-01
-9.825464843512771163e-01
-9.963013817626134028e-01
-9.834314790562143083e-01
-9.788046986492531243e-01
-9.980274198952888698e-01
-9.737866149303717744e-01
-4.763962856781442934e-01
-9.998456891345870456e-01
-9.336523606419379062e-01
-9.956853898726839569e-01
-6.878556064902539013e-01
-9.649747735343113808e-01
-9.855906930059186166e-01
-9.986464237075917127e-01
-9.691288282679452193e-01
-9.792032369276603143e-01
-8.173178347285322554e-01
-9.974503373849896715e-01
-8.513511046825710249e-01
-9.740708268343197807e-01
-7.991300933660201444e-01
-9.876274350924856282e-01
-7.682520399474903616e-01
-4.721934374988005501e-01
-9.074298647610667956e-01
-9.611662240812727243e-01
-4.124212176473880387e-01
-8.649341848751642692e-01
-9.991085348991513015e-01
-9.874795748584251909e-01
-8.942900293623440300e-01
-9.964611688784792420e-01
-9.805602673426565552e-01
-9.742852203583319826e-01
-9.924129813356290519e-01
-8.934145067380958594e-01
-7.945277731103357333e-01
-6.620820532320356167e-01
-9.529424570122763116e-01
-8.178454364423769496e-01
-8.414458987212981578e-01
-9.791457102760248166e-01
-9.572927896933520753e-01
-8.253073632510523616e-01
-7.845016007898109045e-01
-8.981283015741277076e-01
-9.965964871388478530e-01
-9.900617657392632998e-01
-9.982277826608192406e-01
-9.999326141190590933e-01
-9.901610272440389826e-01
-9.983361304205254916e-01
-4.939643277871686999e-01
-9.791463585537608649e-01
-9.877072615420068313e-01
-7.981796460333798748e-01
-9.768298344044510362e-01
-9.978574401755099244e-01
-9.654429562088703287e-01
-4.654111003004525182e-01
-9.452553268735709446e-01
-9.922628922929417339e-01
-7.957235281415014905e-01
-9.338950113815299714e-01
-9.419556604478830364e-01
-9.660993675419937698e-01
-9.051866543517721464e-01
-9.592059598495498163e-01
-9.763004448753194175e-01
-9.931556699605221805e-01
-9.863202450380944564e-01
-8.398510249616731871e-01
-8.006693676235128176e-01
-9.730797166219283811e-01
-8.943528452905610271e-01
-9.774565582380073669e-01
-8.636886200933828750e-01
-9.900460241033093300e-01
-7.834955330845632115e-01
-9.172671079897840585e-01
-9.928297737450404448e-01
-9.600902020881231236e-01
-9.471655689782669807e-01
-9.730687388661726223e-01
-9.508941603652355523e-01
-9.989537392711337338e-01
-8.717795541798099013e-01
-9.066882580708943706e-01
-6.647469907958074575e-01
-9.519356646669068223e-01
-9.992190545897982057e-01
-8.801204881595793283e-01
-9.642282857834254539e-01
-9.766244209064068871e-01
-8.710314921379136432e-01
-9.848287702646317809e-01
-9.341503129184119958e-01
-9.823475719485152968e-01
-6.093650105482995016e-01
-9.917264054296525133e-01
-8.143427967416192459e-01
-9.588055268789104080e-01
-9.949191780263644258e-01
-9.907478216502009216e-01
-9.631947694657010395e-01
-7.399209812484999205e-01
-9.890902892120032597e-01
-6.289069748021565154e-01
-9.988581762813028009e-01
-3.490371827384657899e-01
-7.484277275018673681e-01
-9.924353232854663531e-01
-9.276446914225134899e-01
-8.555292237278809830e-01
-9.641915178363155148e-01
-9.800093418511578447e-01
-9.984495822590561120e-01
-7.578879513405172297e-01
-8.572498580042422489e-01
-8.419356476446215876e-01
-9.964474778106704456e-01
-9.993278190636343261e-01
-7.491426470832508455e-01
-9.874419418451693131e-01
-9.734725620623667641e-01
-9.957335319535590701e-01
-9.904706367990963045e-01
-9.989781257946170889e-01
-9.995345671051638625e-01
-9.156052445386959615e-01
-7.508984754132339567e-01
-9.626888326355262926e-01
-9.897336522996662556e-01
-8.444033163024982080e-01
-9.792763402886603963e-01
-9.978673384648646394e-01
-9.904012868916709511e-01
-9.931091904096459588e-01
-4.690504365662661601e-01
-9.979954592710209571e-01
-9.474603430330975629e-01
-9.949844250740162988e-01
-9.260072061892358208e-01
-8.999736311076018680e-01
-9.986839306578180198e-01
-9.992970170735991919e-01
-9.249336939957876202e-01
-9.978893071160469530e-01
-9.573988070024069819e-01
-9.906244684321018346e-01
-9.993178906185515853e-01
-9.163567875443677790e-01
-9.511140737990206873e-01
-9.738424365691165097e-01
-7.792580135001915265e-01
-9.895449423055570071e-01
-5.561607449948896553e-01
-9.397682078497409108e-01
-9.988731805183113099e-01
-9.731431426674185259e-01
-9.905202535447822365e-01
-9.986595066715703295e-01
-8.450998777439381326e-01
-9.335670853408839509e-01
-9.333201356804586846e-01
-9.916184726797875326e-01
-3.916712936295814185e-01
-7.495655921200035099e-01
-8.307475769652414854e-01
-8.801516066043827413e-01
-9.598346076212770361e-01
-9.981877929138839312e-01
-9.904961946334468470e-01
-7.796335408964997216e-01
-9.748375912791711340e-01
-9.732323897227441734e-01
-9.386179391133181449e-01
-9.934733847217610547e-01
-9.439252416839521986e-01
-8.177315870122255914e-01
-9.909065926454200257e-01
-9.937606243902327163e-01
-8.615274983832853506e-01
-9.851875225465269725e-01
-9.959238897446882621e-01
-9.948058008371460925e-01
-8.869046498879703533e-01
-9.821407076409155446e-01
-9.977320016810825587e-01
-9.727648848773505774e-01
-9.751072199974871735e-01
-9.469436611685252414e-01
-9.305144564947449570e-01
-9.984710963630328839e-01
-9.701752237403528101e-01
-9.692823800737504492e-01
-9.884381853967412201e-01
-9.250077789945507778e-01
-9.374903791669905173e-01
-9.536117388126369443e-01
-7.791490087556379729e-01
-9.729275349700857722e-01
-9.922662146549359186e-01
-9.597869758674520968e-01
-5.663767570119704331e-01
-8.637414684381757857e-01
-8.966726366551615035e-01
-9.965381330416132055e-01
-9.840464824869664673e-01
-7.874228558436053849e-01
-9.563673128636690501e-01
-8.595611310147708295e-01
-9.031429045938952349e-01
-9.874330209627357746e-01
-9.607976490625659283e-01
-7.284155961586538108e-01
-9.562072359115150189e-01
-9.976396177920794361e-01
-9.821737142479917138e-01
-9.129278660404653856e-01
-9.140498941781817210e-01
-9.756620427444252508e-01
-9.089122549979395949e-01
-5.126624093073365307e-01
-9.410785623373766340e-01
-9.456993813242322577e-01
-8.519502776989918980e-01
-8.393754873309134945e-01
-9.089475815522001234e-01
-9.951563126372295898e-01
-8.844086724252721021e-01
-9.222440501929360934e-01
-9.806173717920022570e-01
-6.385243822344569553e-01
-9.742432644553313814e-01
-7.923461241553172441e-01
-9.887912648553053296e-01
-7.478385934564069082e-01
-9.608043907869869837e-01
-9.990540784919139661e-01
-9.765247091253811407e-01
-9.527472398354979166e-01
-9.891746085102678387e-01
-9.979795889937518316e-01
-9.974215335826625006e-01
-9.882230704958515632e-01
-9.795865813940675126e-01
-8.664554254948214629e-01
-9.494455480559458316e-01
-9.364991818132050172e-01
-8.709918601612708366e-01
-9.144534073098699034e-01
-9.995791705238979974e-01
-7.255088133871185896e-01
-8.183662595397429573e-01
-9.391560219828488654e-01
-7.493868006504020851e-01
-7.044238762558427958e-01
-9.176378526956855408e-01
-9.900172487971394819e-01
-7.500329342351248485e-01
-9.368650001149996243e-01
-8.700429510334747318e-01
-9.315907827073954817e-01
-9.959767429993114929e-01
-9.987992597169094156e-01
-9.881919430748886679e-01
-9.805995662191284712e-01
-9.707639528403834150e-01
-7.963792959483527722e-01
-9.920804345312762562e-01
-9.835834185241968397e-01
-9.912645732062633774e-01
-7.039580101259071965e-01
-9.621853295941490414e-01
-9.952039901649479825e-01
-9.839263420475917732e-01
-9.536446620828558096e-01
-9.541221074979508998e-01
-9.787229320293291401e-01
-9.985892246180226861e-01
-9.954678631375035724e-01
-9.890706100646867727e-01
-7.171337718941770412e-01
-9.906994173740361065e-01
-9.860463551505337376e-01
-9.605704103110378478e-01
-8.221469642914200904e-01
-8.203621848040996145e-01
-9.824273594643290197e-01
-9.936410613939700154e-01
-6.535504093593558217e-01
-9.608897015075124060e-01
-3.709034217036391023e-01
-9.764451456997517154e-01
-9.921368246378352573e-01
-9.750877297846074487e-01
-9.787138626560886179e-01
-8.264607145257802934e-01
-9.463247049168124203e-01
-7.194181612275022397e-01
-9.873401924664612084e-01
-5.863620153943808200e-01
-9.932115906324971988e-01
-9.975867160670366385e-01
-9.812244280860640266e-01
-9.111459739560291426e-01
-9.142282811475976878e-01
-7.669908701709751142e-01
-9.026457626897684827e-01
-6.135315253818268699e-01
-9.674920202126655600e-01
-9.793415126630146128e-01
-6.360384422810451133e-01
-9.641290308936014686e-01
-9.723970946519282510e-01
-8.006245012860946364e-01
-9.235527766640895253e-01
-5.715608109005219095e-01
-9.276195435365475195e-01
-9.986714523628096307e-01
-9.364945731151103070e-01
-9.994366444475565325e-01
-9.980605103757649310e-01
-9.545195685659053630e-01
-9.856159626148892627e-01
-9.554896919614391804e-01
-9.332761081190630303e-01
-8.697410868987869303e-01
-9.663669904226849239e-01
-9.616450959064686277e-01
-9.891341327556170127e-01
-6.500190666187111166e-01
-9.908666928574830779e-01
-9.695351281487286643e-01
-8.475408613016193193e-01
-8.716574745602329033e-01
-8.239319748832909518e-01
-9.995735907057660130e-01
-9.226100861217266802e-01
-9.956408839283656942e-01
-9.896762987260437905e-01
-9.486032418744966277e-01
-8.556186815005205615e-01
-8.714833425639303410e-01
-9.105723457933567744e-01
-9.829492203252964133e-01
-8.388066605375894547e-01
-9.406869492931591026e-01
-6.823670831198550557e-01
-9.809192080734480124e-01
-9.383079862351110245e-01
-9.895593707505198067e-01
-9.818674209303487332e-01
-7.718372243017544987e-01
-9.352668815277501713e-01
-9.962337669488362524e-01
-8.411071751934126040e-01
-9.090030379593662113e-01
-9.401558366535645028e-01
-8.728741855798461957e-01
-9.966859438001935967e-01
-9.970500458496281970e-01
-8.245393022332644373e-01
-9.949249891465807849e-01
-8.198202383466519638e-01
-9.237519872617314665e-01
-5.036182971459918223e-01
-8.898148801818608344e-01
-9.879708924659988956e-01
-7.974067235906554529e-01
-9.721445202654909190e-01
-9.043825444776490974e-01
-9.340227884133316394e-01
-9.590123077381517147e-01
-9.526260506502333136e-01
-9.240973910885503795e-01
-9.890942673416690534e-01
-7.535823917009059070e-01
-4.330676120596951839e-01
-8.312009243066972308e-01
-9.960980833832265846e-01
-6.668622856951168520e-01
-9.656945201396709422e-01
-9.421317246155355152e-01
-8.457977833374014098e-01
-8.751103224501939337e-01
-8.322020147802069445e-01
-8.638062154744050591e-01
-8.673180531707532781e-01
-9.918904141714218747e-01
-9.989293060089851073e-01
-6.364311782868785627e-01
-9.767433992024761036e-01
-9.846367376442468622e-01
-9.901914891952340314e-01
-9.097346590212737061e-01
-7.672218212693883155e-01
-9.847994658485715869e-01
-7.047570090122073916e-01
-9.715432932311436343e-01
-9.943186591246483408e-01
-9.978214708206832873e-01
-9.194384866570481929e-01
-9.993804249748577950e-01
-8.578602735827793868e-01
-9.895814877738009496e-01
-9.752680535226905256e-01
-8.921953009881565810e-01
-9.854702946023450316e-01
-9.341620118512088400e-01
-9.768598128362888655e-01
-9.260554769284414789e-01
-9.648036093555648618e-01
-8.350194070318602835e-01
-9.433957025988660705e-01
-9.984744701508978526e-01
-9.831329953243966857e-01
-9.214368888269699465e-01
-8.144348297118811919e-01
-9.738665616106090273e-01
-9.547119730382416236e-01
-9.973006633335947946e-01
-9.343349739041281188e-01
-9.371614810487900460e-01
-6.292844507752594074e-01
-9.809621320920075549e-01
-9.272022297290013482e-01
-9.175866778764504295e-01
-9.596330912318391526e-01
-7.248457511314972956e-01
-9.893498195989222088e-01
-9.876661444651719801e-01
-8.883240498545297292e-01
-9.713290255367763582e-01
-9.927931933932251374e-01
-8.807758002568507605e-01
-9.825479355502519940e-01
-9.914564591052277276e-01
-9.700822616777245999e-01
-8.352906754839214409e-01
-9.671048418658929613e-01
-7.137677448483472631e-01
-9.989632851853590401e-01
-9.854774168325055594e-01
-7.223916148589800690e-01
-8.236788539009126664e-01
-9.992552547654943718e-01
-8.242038292441392633e-01
-9.190840326822424800e-01
-9.864901581354681426e-01
-8.464897791746186506e-01
-8.881430316706965256e-01
-7.327609224991398218e-01
-9.328736233960500668e-01
-9.533210414809487609e-01
-9.936616346027999924e-01
-9.872094026780575682e-01
-9.861600509857441077e-01
-9.782148640045702503e-01
-9.169518130743853357e-01
-7.958903130390251324e-01
-8.778617661854530851e-01
-9.208169527626997031e-01
-9.845525507638208662e-01
-9.948968937140317825e-01
-8.431868939290657616e-01
-9.887897293580043545e-01
-7.002635173405453717e-01
-9.980919009406832298e-01
-9.474907066281248458e-01
-9.957216562545351257e-01
-9.487261583562075495e-01
-9.565727194296399505e-01
-9.894087000696870637e-01
-9.832790822618017179e-01
-9.792702837800867366e-01
-9.361069690160004342e-01
-9.834888608367610141e-01
-8.312914302685356915e-01
-9.970069108466373953e-01
-9.783526211859897570e-01
-8.677324344186773120e-01
-9.153363259564977206e-01
-9.089198107509703917e-01
-8.653503771992232529e-01
-9.698615148699283317e-01
-9.920263248825587077e-01
-9.520814240576416232e-01
-9.998634430991095723e-01
-9.879100003149930975e-01
-9.978275634580746623e-01
-8.615611210292883904e-01
-9.732725298749909104e-01
-9.328000961058268148e-01
-8.518917227760591793e-01
-9.487811356225595016e-01
-9.815488197819841609e-01
-9.983613912620031838e-01
-8.138481530074741510e-01
-8.691707996681197201e-01
-8.177405839829701151e-01
-8.578840654884941630e-01
-9.049002405559785078e-01
-9.588506887403409618e-01
-9.847659028526092317e-01
-9.908122631853694129e-01
-9.474539778364048370e-01
-9.937364489563665915e-01
-8.400771891671598990e-01
-9.994596182200192747e-01
-9.741763840259582974e-01
-8.914118214831258102e-01
-8.901464194257987517e-01
-9.631641023701732474e-01
-9.671314306450163878e-01
-9.893088473655659021e-01
-9.936382312177259868e-01
-9.546473764855138988e-01
-9.929023961609741988e-01
-7.832038879317053670e-01
-5.833550295752653048e-01
-7.856326887467921516e-01
-6.832609431679396161e-01
-9.858217310771529851e-01
-7.797321250520581337e-01
-6.706891060159749784e-01
-9.776953676088265821e-01
-9.823267146002777617e-01
-9.146770668947560301e-01
-9.799806122813564668e-01
-9.594654547854432058e-01
-9.860004730878130230e-01
-9.972040106676467452e-01
-9.667148503073941246e-01
-9.966853358639505833e-01
-9.531949866447777531e-01
-9.387282487001464837e-01
-9.661964802004696651e-01
-9.763543256023732297e-01
-9.610978624680861504e-01
-9.898449440061108939e-01
-9.922140792659761566e-01
-8.117968368737826790e-01
-8.029103156296486521e-01
-8.545737787085163628e-01
-9.134092353094421801e-01
-8.594871329364345280e-01
-9.852049325736326191e-01
-7.684565200571304988e-01
-8.292010169253453133e-01
-9.298217491541416191e-01
-9.972275208497145549e-01
-9.429622671042365845e-01
-9.971821666135193274e-01
-9.438697487396200403e-01
-8.316385701015019949e-01
-9.381025907025000166e-01
-9.855979817246595109e-01
-9.764598396145548476e-01
-9.823472952932776892e-01
-9.287946684489843951e-01
-9.988566765192077312e-01
-9.938772932099428914e-01
-9.959955139011863468e-01
-6.856341946097570528e-01
-9.828943212026847176e-01
-9.970111342148658684e-01
-6.192053696094197424e-01
-9.898258719362007518e-01
-9.843519209073950949e-01
-7.832134741555765167e-01
-9.473786576500493606e-01
-9.053132854300716126e-01
-9.946460093248054024e-01
-8.469089186181790740e-01
-9.814930180567158491e-01
-9.385858828868334225e-01
-8.990192580985323367e-01
-9.353799600676788728e-01
-9.540802924280730180e-01
-9.418472253519006854e-01
-9.508461289622327506e-01
-7.699792009690880068e-01
-9.937246051114384526e-01
-8.986705079799981455e-01
-9.002154487897073842e-01
-9.883913836879814063e-01
-9.977349892637448203e-01
-5.526778061055617197e-01
-9.084592781429056130e-01
-7.430560545767830316e-01
-9.405958599159590650e-01
-9.854013006739558156e-01
-9.966156521051114936e-01
-9.867034371361447231e-01
-9.878390314409588591e-01
-8.212769795121586114e-01
-8.357924183798807194e-01
-9.541224135597116129e-01
-9.979421372544658997e-01
-9.832840400398294989e-01
-9.705810128178458118e-01
-9.876179940166829319e-01
-9.431600568214317803e-01
-9.240592186675208319e-01
-8.041380646904321416e-01
-9.556115252444200570e-01
-9.996351389023058198e-01
-9.999602971302258281e-01
-9.857181196074029650e-01
-9.137300066644382657e-01
-9.841050442729912806e-01
-8.209485365305811966e-01
-9.936500234229553863e-01
-9.959163375937729601e-01
-8.039152234577939815e-01
-7.808443114908449889e-01
-9.817334866168230256e-01
-8.980052663343288666e-01
-6.583777165240671803e-01
-9.678962060843813164e-01
-9.941639357215897865e-01
-9.716016186398130916e-01
-9.327505843816552566e-01
-9.943617723210435022e-01
-9.284192952539277455e-01
-8.570500703546356513e-01
-8.839295358615781861e-01
-7.986912434777515557e-01
-9.970062501476817385e-01
-8.780394701548822622e-01
-9.930182116346113474e-01
-9.588517584577992414e-01
-8.029144042642286649e-01
-9.965460246628292662e-01
-9.998576857695326003e-01
-6.561415432836974482e-01
-9.956612272729353785e-01
-9.592412298095115419e-01
-9.964366196760051642e-01
-9.671430909673489618e-01
-7.826479969762113464e-01
-9.800096360263550466e-01
-7.269363034183659034e-01
-8.936363284867826495e-01
-9.236924416355636325e-01
-8.404339856282598831e-01
-8.525589633081017693e-01
-9.715767164709405712e-01
-9.804918241411634261e-01
-9.268811906775020759e-01
-9.797690362670889996e-01
-9.928561387101312308e-01
-9.964978920973136534e-01
-8.344519481730312549e-01
-9.823947623137435636e-01
-9.966683620458876014e-01
-9.947162734939666295e-01
-9.153899354541000788e-01
-7.010894213042895284e-01
-9.948525448323258802e-01
-9.981669540489026549e-01
-8.299788702090840076e-01
-9.148688603332895131e-01
-9.828216318903039150e-01
-9.999977297964757206e-01
-9.863993513644396804e-01
-9.928176710855735054e-01
-9.211657322278807847e-01
-9.894285708553216541e-01
-6.363659899478674165e-01
-9.674717054086281465e-01
-9.584483341882555907e-01
-8.395580291425097652e-01
-7.625879491150990841e-01
-9.547047488847028029e-01
-7.390724997733846280e-01
-9.952505228475001520e-01
-9.799881633403825232e-01
-9.762679612873134127e-01
-6.613056850889360572e-01
-6.289734300745399853e-01
-5.615895512727858696e-01
-9.832317370239398446e-01
-8.640007050326042881e-01
-9.520276463897611174e-01
-9.995235661558116158e-01
-9.793434828032963058e-01
-9.996602166135133416e-01
-7.445854452230716847e-01
-9.857331750415762039e-01
-9.249011216003560909e-01
-9.930392082505631324e-01
-8.245942469864776525e-01
-9.636978004805565323e-01
-9.699169351996491661e-01
-7.766928680593871981e-01
-9.295263809598405258e-01
-9.982688181223076107e-01
-9.568582657438327033e-01
-9.941593319630839254e-01
-9.704691436855895637e-01
-9.659412085395652214e-01
-4.918650319688352424e-01
-9.959073409818360867e-01
-9.912222353900218552e-01
-9.976051009119781821e-01
-9.640572931455693162e-01
-7.831643241437857839e-01
-9.917066657778932370e-01
-7.447980236894826689e-01
-9.977742169884911139e-01
-7.812631114320820469e-01
-8.514187216347623988e-01
-7.246163644024120609e-01
-7.887032713268915529e-01
-9.869753697923486779e-01
-9.831091548586535778e-01
-7.631802780744887382e-01
-9.086941409852495877e-01
-9.779405237035212473e-01
-9.975591095491986859e-01
-9.676316984705697344e-01
-9.800082393685943805e-01
-9.946296369454032948e-01
-8.507959110045033579e-01
-9.896503421025277802e-01
-9.298289964413324338e-01
-9.846839253792594171e-01
-9.948220317485290121e-01
-9.366878700938677804e-01
-9.745990562555773007e-01
-9.995854660836889227e-01
-9.708613563898241816e-01
-8.683439534186974118e-01
-3.919954274030535979e-01
-9.493681301188762189e-01
-9.722788978251512004e-01
-9.753353814503958885e-01
-9.855641536031707339e-01
-9.941656666524466557e-01
-6.030679324143464193e-01
-9.853104886730120748e-01
-9.997293777540688930e-01
-9.536102773331458504e-01
-9.820825544292532960e-01
-9.829160402865766422e-01
-9.978161767529468706e-01
-9.847929238365796811e-01
-9.949035914383118628e-01
-8.256401923800967824e-01
-8.686143982284770804e-01
-8.161619814851108767e-01
-8.117557903013019605e-01
-9.855557891310577912e-01
-8.713122086222673257e-01
-9.944232761183618985e-01
-9.975721328593371018e-01
-9.515310677355680591e-01
-9.888065658264588720e-01
-9.921755333142440181e-01
-5.022758959142851198e-01
-9.406028855111797649e-01
-9.928851748704612401e-01
-8.636411853536937189e-01
-3.009120003576656877e-01
-7.412878181550017764e-01
-8.664702303075697554e-01
-8.196540658111360900e-01
-8.854185826059506326e-01
-8.432623555357872114e-01
-9.820991831322393173e-01
-9.459486193369041063e-01
-9.996198516992049754e-01
-9.743668213532467037e-01
-9.252063849384115635e-01
-9.612185498552622276e-01
-9.730876557927766735e-01
-9.300617876281465080e-01
-9.986895424620361172e-01
-9.622159722435811302e-01
-9.817579893628866072e-01
-9.968743688485323107e-01
-9.272321561882775898e-01
-8.619522448278313931e-01
-8.123244319610836151e-01
-6.413336396131050776e-01
-9.108570681193194352e-01
-8.559252535761771030e-01
-9.992601629045748668e-01
-9.757567121032089119e-01
-7.776885542290146169e-01
-9.908551234236488980e-01
-9.932302010602332976e-01
-8.873055563768971199e-01
-7.307354993531887111e-01
-9.686660633474937221e-01
-9.853913234309515934e-01
-9.990594786584107156e-01
-9.996036742989242718e-01
-9.749269209449101803e-01
-9.984978104317490111e-01
-9.975533270209127057e-01
-9.130276286916972905e-01
-8.873686971156408143e-01
-9.660172422266380954e-01
-9.488137981586335368e-01
-7.197202624262410975e-01
-9.855694701361917831e-01
-9.848992424505498278e-01
-9.536527847034869110e-01
-8.950746598846839319e-01
-9.521288003377778031e-01
-7.702100286232620441e-01
-8.953160760585319178e-01
-8.519829707379722450e-01
-9.881821349901027673e-01
-6.715449839894053197e-01
-9.972207686177062547e-01
-9.942302129385962584e-01
-9.942469716355162301e-01
-7.585313404019766725e-01
-6.271639484877791215e-01
-9.760635928996040933e-01
-7.640937376591119268e-01
-7.085293558936183178e-01
-7.453697338847341536e-01
-9.983443147894585090e-01
-6.831118522244777891e-01
-9.494575534057507760e-01
-9.985715941168815668e-01
-9.847761698016180842e-01
-8.423707107366777969e-01
-9.727287703019056320e-01
-9.623572270668832029e-01
-9.930493762089139809e-01
-9.031773344807421111e-01
-9.787258148570339156e-01
-9.850181190364547534e-01
-6.475761782524045440e-01
-9.987440674132552765e-01
-9.820184340108468746e-01
-9.967006417800189366e-01
-9.948944880971440918e-01
-8.454866146940729354e-01
-9.926131297876699122e-01
-9.988882692011606945e-01
-9.809579257187116541e-01
-9.960695252022991886e-01
-9.519762389682595582e-01
-7.855165686473655207e-01
-9.983568758346388350e-01
-9.449624437967447665e-01
-9.727765160925306853e-01
-9.949550204961721267e-01
-9.310607078381948343e-01
-9.992878579569300923e-01
-9.777205446529755317e-01
-7.581310287856793950e-01
-9.405462237631787570e-01
-6.015946524179041077e-01
-9.446998724508269829e-01
-9.389752173527391443e-01
-9.999486414840502713e-01
-9.902601257183660799e-01
-8.876394588808361741e-01
-6.702929590809897364e-01
-3.378649866979727134e-01
-9.965800700109801458e-01
-9.436759204827982472e-01
-9.073855743832967002e-01
-9.565442550610422368e-01
-8.882333834635748326e-01
-9.427513669768381455e-01
-9.953178560284218213e-01
-9.874240863185527184e-01
-9.843821492499988945e-01
-9.571532879687425499e-01
-9.697479659573282618e-01
-8.335716890954273373e-01
-8.051024439672633815e-01
-9.922329827625577803e-01
-8.597716307189879892e-01
-8.541012944215908842e-01
-9.860163642790414906e-01
-8.718963791508781425e-01
-9.725263785346704992e-01
-9.797017816866259166e-01
-9.823238687842792416e-01
-7.960092075632139164e-01
-9.739434431839852913e-01
-8.807055168822977009e-01
-6.437212211477103541e-01
-9.241866770169818723e-01
-9.792104737371800649e-01
-8.541764576879029569e-01
-9.891954597020595763e-01
-9.523856388895554081e-01
-8.241429646822273636e-01
-8.604989395087525583e-01
-9.553977480548291323e-01
-9.975765316731513010e-01
-7.429875223401856132e-01
-8.769827947547975677e-01
-9.788492439893661246e-01
-9.916215133956112204e-01
-7.549255557292657848e-01
-9.977171665277946300e-01
-9.129362454783336300e-01
-9.755550146086117147e-01
-9.813306447675383959e-01
-9.848499739909050144e-01
-9.810399612617070053e-01
-9.949193958309845431e-01
-8.772847709941962169e-01
-8.317542076027383269e-01
-8.603341041181384874e-01
-7.422177190215453191e-01
-9.866156930952066917e-01
-9.310953948335740638e-01
-9.992508438839053930e-01
-9.922753932807439892e-01
-9.351529727929832614e-01
-7.984890295323204823e-01
-9.025947696676043241e-01
-5.838624915634738066e-01
-9.686092898485100244e-01
-9.751331332764066051e-01
-9.962700713218248794e-01
-9.589210819680824560e-01
-8.250418534704436757e-01
-8.776662983698257925e-01
-9.948443478540345275e-01
-7.939396467030310767e-01
-9.079473268197697511e-01
-8.930930210876927289e-01
-9.336486225884775836e-01
-9.988017039497417704e-01
-9.997799112672466348e-01
-9.617837415258395639e-01
-9.747515806027041707e-01
-5.531188546531645711e-01
-9.593191849058183562e-01
-9.974868562870550237e-01
-9.664072641895965488e-01
-9.958462287036609073e-01
-6.798096491475397185e-01
-9.998066816938587786e-01
-9.467632388801618948e-01
-9.171454595760580863e-01
-9.988352342434172471e-01
-7.755681149957651677e-01
-9.983023329229891996e-01
-9.614669070605587065e-01
-9.776859011117242648e-01
-8.884048919970642944e-01
-7.658407650726301030e-01
-9.252349079538998433e-01
-9.656743975865759166e-01
-8.238689504083832604e-01
-9.316811520194250296e-01
-9.810682939393782220e-01
-9.669578592464800337e-01
-9.903391720836812739e-01
-9.988613629417143480e-01
-9.980234557509372051e-01
-9.771124791638446938e-01
